sample	gca	fragment_num	mapped_fragment_num	mapped_ref_bases	BreakPoint	cov	snp	indel	signal_ratio	totalBases	adjust_mapped_fragment_num	adjust_mapped_ref_bases	adjust_signal_ratio	adjusted_cov	adjusted_total_bases	adjusted_mapped_fragment_num	adjusted_mapped_ref_bases	adjusted_signal_ratio	Annotated_ratio	Unnotated_ratio
rand.60	NA	NA	NA	NA	NA	NA	NA	NA	NA	NA	NA	NA	NA	NA	NA	NA	NA	NA	NA	NA
rand.35	KM821997_KM821998	4	4	3565	10	33.5025	228	0	99.7413	3866	4	3866	100	36.3311718823419	3866	4	3866	100	0	0
rand.27	NA	NA	NA	NA	NA	NA	NA	NA	NA	NA	NA	NA	NA	NA	NA	NA	NA	NA	NA	NA
rand.34	KM821997_KM821998	7	4	1426	8	13.4010	77	0	43.8634	3251	4	1621	49.861581051984	15.2335306832065	3251	4	1621	49.861581051984	31.0673638880344	19.0710550599815
rand.25	KM821997_KM821998	5	3	1328	6	12.4800	112	0	65.2597	2156	3	1442	66.8831168831169	17.6957052908561	2156	4	1883	87.3376623376623	0	12.6623376623377
rand.36	NA	12	2	1275	NA	11.943793911007	NA	NA	25.1777251184834	5064	2	1275	25.1777251184834	11.943793911007	5064	2	1275	25.1777251184834	68.2661927330174	6.55608214849921
rand.98	NA	NA	NA	NA	NA	NA	NA	NA	NA	NA	NA	NA	NA	NA	NA	NA	NA	NA	NA	NA
rand.13	KM821997_KM821998	20	4	7143	10	67.1271	493	1	43.6775	16631	4	7370	44.3148337442126	69.2604078564045	16631	4	7370	44.3148337442126	55.6851662557874	0
rand.43	KM821997_KM821998	9	4	10592	8	99.5395	685	3	88.7610	19726	4	17886	90.6722092669573	100	19726	4	17886	90.6722092669573	9.32779073304268	5.32907051820075e-15
rand.11	NA	NA	NA	NA	NA	NA	NA	NA	NA	NA	NA	NA	NA	NA	NA	NA	NA	NA	NA	NA
rand.15	KM821997_KM821998	3	3	1487	6	13.9743	94	3	98.0185	1514	3	1514	100	14.2279860915328	1514	3	1514	100	0	0
rand.57	KM821997_KM821998	1	1	906	2	8.5142	56	0	98.8004	917	1	917	100	8.6176111267738	917	1	917	100	0	0
rand.32	KM821997_KM821998	2	1	6781	2	63.7252	519	0	90.4133	7500	1	6832	91.0933333333333	64.204492059017	7500	1	6832	91.0933333333333	0	8.90666666666667
rand.72	KM821997_KM821998	3	3	2722	6	25.5803	321	3	99.9635	2743	3	2743	100	25.777652476271	2743	3	2743	100	0	0
rand.53	KM821997_KM821998	4	2	7217	3	67.8226	502	5	88.9108	8116	2	7240	89.2065056678167	68.0387181655859	8116	2	7240	89.2065056678167	7.08477082306555	3.70872350911779
rand.58	KM821997_KM821998	4	1	6811	1	64.0071	491	1	83.5726	8151	1	6825	83.7320574162679	69.4859505685556	8151	2	7394	90.7127959759539	9.28720402404613	0
rand.76	NA	NA	NA	NA	NA	NA	NA	NA	NA	NA	NA	NA	NA	NA	NA	NA	NA	NA	NA	NA
rand.17	NA	NA	NA	NA	NA	NA	NA	NA	NA	NA	NA	NA	NA	NA	NA	NA	NA	NA	NA	NA
rand.8	KM821997_KM821998	2	1	6757	2	63.4997	511	2	93.8750	7200	1	6840	95	64.2796729630674	7200	1	6840	95	5	0
rand.94	KM821997_KM821998	8	8	5034	15	47.3076	306	0	98.4982	5327	8	5327	100	50.0610844845409	5327	8	5327	100	0	0
rand.52	KM821997_KM821998	3	3	1165	6	10.9482	87	0	90.8736	1282	3	1282	100	12.047739874072	1282	3	1282	100	0	0
rand.81	KM821997_KM821998	2	1	294	2	2.7629	16	0	35.6364	825	1	325	39.3939393939394	3.05422422704633	825	1	325	39.3939393939394	60.6060606060606	0
rand.63	KM821997_KM821998	4	3	1796	6	16.8781	125	0	82.4610	2178	3	1832	84.1138659320477	17.216427027535	2178	3	1832	84.1138659320477	15.8861340679523	3.5527136788005e-15
rand.30	KM821997_KM821998	2	1	308	2	2.8945	18	0	45.8333	672	1	308	45.8333333333333	2.89446480593929	672	1	308	45.8333333333333	54.1666666666667	7.105427357601e-15
rand.69	KM821997_KM821998	2	1	876	2	8.2323	52	0	35.9606	2436	1	876	35.9605911330049	8.23230899351565	2436	1	876	35.9605911330049	64.0394088669951	0
rand.5	KM821997_KM821998	9	5	3025	9	28.4278	209	2	67.7326	4503	5	3146	69.864534754608	33.3897190113711	4503	6	3553	78.9029535864979	14.079502553853	7.01754385964913
rand.51	KM821997_KM821998	19	3	2711	6	25.4769	197	0	29.0911	9319	3	2872	30.818757377401	26.9899445540833	9319	3	2872	30.818757377401	61.1975533855564	7.98368923704261
rand.88	NA	NA	NA	NA	NA	NA	NA	NA	NA	NA	NA	NA	NA	NA	NA	NA	NA	NA	NA	NA
rand.59	KM821997_KM821998	6	1	464	2	4.3605	40	0	21.9801	2111	1	464	21.9801042160114	4.36049243492153	2111	1	464	21.9801042160114	63.6665087636191	14.3533870203695
rand.22	KM821997_KM821998	3	2	727	4	6.8321	47	0	67.5023	1077	2	753	69.91643454039	7.07640259374119	1077	2	753	69.91643454039	30.08356545961	0
rand.3	KM821997_KM821998	10	10	4958	21	46.5934	319	0	98.8169	5663	10	5663	100	53.2186824546565	5663	10	5663	100	0	0
rand.55	KM821997_KM821998	25	19	8237	40	77.4081	501	1	78.3346	11673	19	9463	81.0674205431337	88.9296118785828	11673	19	9463	81.0674205431337	13.0043690567977	5.92821040006854
rand.19	KM821997_KM821998	5	4	1819	8	17.0943	148	0	85.6000	2125	4	1820	85.6470588235294	17.1036556714594	2125	4	1820	85.6470588235294	0	14.3529411764706
rand.45	KM821997_KM821998	6	1	339	2	3.1858	23	0	15.1746	2234	1	411	18.3974932855864	3.86241894558782	2234	1	411	18.3974932855864	48.3885407341092	33.2139659803044
rand.61	KM821997_KM821998	21	12	5792	28	54.4310	380	2	59.2368	10404	12	6283	60.3902345251826	59.0452025185603	10404	12	6283	60.3902345251826	36.8992695117263	2.71049596309112
rand.68	KM821997_KM821998	13	12	5577	23	52.4105	416	0	90.6818	7920	12	7338	92.6515151515152	68.959684240203	7920	12	7338	92.6515151515152	7.34848484848485	0
rand.71	KM821997_KM821998	3	1	2195	2	20.6278	158	0	50.5062	4346	1	2196	50.5292222733548	20.6371581618269	4346	1	2196	50.5292222733548	30.1656695812241	19.3051081454211
rand.66	KM821997_KM821998	1	1	3620	2	34.0194	632	8	50.9285	7108	1	7108	100	66.7982332487548	7108	1	7108	100	0	0
rand.12	NA	NA	NA	NA	NA	NA	NA	NA	NA	NA	NA	NA	NA	NA	NA	NA	NA	NA	NA	NA
rand.21	KM821997_KM821998	4	1	6806	1	63.9602	505	5	84.0227	8099	1	6813	84.121496481047	64.0259374118974	8099	1	6813	84.121496481047	11.0383998024447	4.84010371650821
rand.99	KM821997_KM821998	18	13	7115	26	66.8640	543	0	76.1800	10000	13	8156	81.56	76.6469316793534	10000	13	8156	81.56	18.44	0
rand.87	KM821997_KM821998	5	5	3062	10	28.7755	236	2	98.2028	3116	5	3116	100	29.2829621276196	3116	5	3116	100	0	0
rand.40	KM821997_KM821998	8	6	3308	12	31.0873	233	0	83.1214	4011	6	3375	84.1436050860135	37.6938257682549	4011	8	4011	100	0	0
rand.86	KM821997_KM821998	1	1	6830	1	64.1857	467	5	100.0000	6829	1	6829	100	64.1762992199981	6829	1	6829	100	0	0
rand.4	NA	NA	NA	NA	NA	NA	NA	NA	NA	NA	NA	NA	NA	NA	NA	NA	NA	NA	NA	NA
rand.100	NA	13	2	2673	NA	25.03981264637	NA	NA	28.6035313001605	9345	2	2673	28.6035313001605	25.03981264637	9345	2	2673	28.6035313001605	71.3964686998395	0
rand.65	KM821997_KM821998	7	5	6578	10	61.8175	462	0	88.6165	7423	5	6657	89.6807220800216	62.5599097829151	7423	5	6657	89.6807220800216	0	10.3192779199784
rand.62	NA	NA	NA	NA	NA	NA	NA	NA	NA	NA	NA	NA	NA	NA	NA	NA	NA	NA	NA	NA
rand.89	KM821997_KM821998	10	3	1321	6	12.4142	89	0	33.1410	3986	3	1468	36.8289011540391	13.7956958932431	3986	3	1468	36.8289011540391	48.1685900652283	15.0025087807326
rand.23	KM821997_KM821998	8	5	3276	10	30.7866	226	0	67.4148	4901	5	3315	67.6392572944297	31.1530871158726	4901	5	3315	67.6392572944297	32.3607427055703	0
rand.48	NA	NA	NA	NA	NA	NA	NA	NA	NA	NA	NA	NA	NA	NA	NA	NA	NA	NA	NA	NA
rand.46	KM821997_KM821998	5	3	1091	6	10.2528	68	0	63.3566	1722	3	1091	63.3565621370499	10.2527957898694	1722	3	1091	63.3565621370499	36.6434378629501	0
rand.85	KM821997_KM821998	4	2	548	4	5.1499	35	0	31.1895	1757	2	619	35.2305065452476	5.81712245089747	1757	2	619	35.2305065452476	23.9043824701195	40.8651109846329
rand.74	KM821997_KM821998	5	4	1665	8	15.6470	102	0	82.9183	2008	4	1680	83.6653386454183	18.8704069166432	2008	5	2008	100	0	0
rand.24	KM821997_KM821998	6	5	1811	10	17.0191	100	0	82.2158	2789	5	2343	84.0086052348512	22.0186072737525	2789	5	2343	84.0086052348512	15.9913947651488	0
rand.90	KM821997_KM821998	2	1	6781	2	63.7252	519	0	94.5614	7171	1	6832	95.2726258541347	64.204492059017	7171	1	6832	95.2726258541347	0	4.7273741458653
rand.54	KM821997_KM821998	4	4	6637	8	62.3720	453	0	99.9398	6646	4	6646	100	62.4565360398459	6646	4	6646	100	0	0
rand.91	NA	NA	NA	NA	NA	NA	NA	NA	NA	NA	NA	NA	NA	NA	NA	NA	NA	NA	NA	NA
rand.18	KM821997_KM821998	16	1	6781	2	63.7252	519	0	44.0725	15386	1	6832	44.4040036396724	64.204492059017	15076	1	6832	45.3170602281772	51.9567524542319	2.72618731759088
rand.2	KM821997_KM821998	2	2	1203	4	11.3053	66	0	99.7512	1206	2	1206	100	11.3335212855935	1206	2	1206	100	0	0
rand.42	KM821997_KM821998	4	2	6703	6	62.9922	461	1	90.3072	7552	2	6877	91.0619703389831	68.0387181655859	7552	3	7240	95.8686440677966	0	4.13135593220339
rand.31	NA	NA	NA	NA	NA	NA	NA	NA	NA	NA	NA	NA	NA	NA	NA	NA	NA	NA	NA	NA
rand.38	KM821997_KM821998	3	2	794	4	7.4617	64	0	69.1036	1149	2	812	70.6701479547433	7.63086176111268	1149	2	812	70.6701479547433	29.3298520452567	0
rand.67	NA	NA	NA	NA	NA	NA	NA	NA	NA	NA	NA	NA	NA	NA	NA	NA	NA	NA	NA	NA
rand.92	KM821997_KM821998	2	2	7955	3	74.7580	551	5	99.5868	7987	2	7987	100	75.0587350812894	7987	2	7987	100	0	0
rand.20	NA	NA	NA	NA	NA	NA	NA	NA	NA	NA	NA	NA	NA	NA	NA	NA	NA	NA	NA	NA
rand.26	NA	NA	NA	NA	NA	NA	NA	NA	NA	NA	NA	NA	NA	NA	NA	NA	NA	NA	NA	NA
rand.33	KM821997_KM821998	7	4	10600	7	99.6147	679	3	89.0030	12367	4	11218	90.7091453060564	100	12367	4	11218	90.7091453060564	9.29085469394356	0
rand.77	KM821997_KM821998	37	5	2461	10	23.1275	155	2	13.9236	18422	5	2620	14.2221257192487	24.6217460764966	18422	5	2620	14.2221257192487	58.1044403430681	27.6734339376832
rand.75	KM821997_KM821998	1	1	261	2	2.4528	14	0	84.4660	309	1	309	100	2.90386241894559	309	1	309	100	0	0
rand.49	KM821997_KM821998	1	1	6806	1	63.9602	505	5	99.8826	6813	1	6813	100	64.0259374118974	6813	1	6813	100	0	0
rand.44	KM821997_KM821998	6	2	10185	3	95.7147	757	1	85.2956	11942	2	10312	86.3506950259588	100	11942	3	10764	90.1356556690672	6.97538100820633	2.88896332272651
rand.97	KM821997_KM821998	5	2	7222	4	67.8696	563	3	83.4026	8658	2	7389	85.3430353430353	69.4389625035241	8658	2	7389	85.3430353430353	0	14.6569646569647
rand.37	KM821997_KM821998	8	5	2853	10	26.8114	214	0	70.2018	4064	5	2958	72.7854330708661	27.7981392726248	4064	5	2958	72.7854330708661	27.2145669291339	0
rand.14	NA	NA	NA	NA	NA	NA	NA	NA	NA	NA	NA	NA	NA	NA	NA	NA	NA	NA	NA	NA
rand.80	KM821997_KM821998	1	1	390	2	3.6651	29	0	100.0000	390	1	390	100	3.6650690724556	390	1	390	100	0	0
rand.29	NA	NA	NA	NA	NA	NA	NA	NA	NA	NA	NA	NA	NA	NA	NA	NA	NA	NA	NA	NA
rand.95	KM821997_KM821998	6	4	10592	8	99.5395	685	3	91.7963	12153	4	11480	94.4622726898708	100	12153	4	11480	94.4622726898708	2.6742368139554	2.86349049617378
rand.84	NA	NA	NA	NA	NA	NA	NA	NA	NA	NA	NA	NA	NA	NA	NA	NA	NA	NA	NA	NA
rand.39	KM821997_KM821998	30	5	3209	10	30.1569	226	0	17.6506	18345	5	3274	17.8468247478877	61.5167747392162	17959	9	6546	36.4496909627485	59.0790133080907	4.47129572916086
rand.9	KM821997_KM821998	4	3	10600	5	99.6147	679	3	74.8337	14285	3	10901	76.310815540777	100	14285	4	14285	100	0	0
rand.70	KM821997_KM821998	2	1	6806	1	63.9602	505	5	95.4418	7130	1	6813	95.5539971949509	64.0259374118974	7130	1	6813	95.5539971949509	4.44600280504909	2.66453525910038e-15
rand.56	KM821997_KM821998	24	8	6505	18	61.1315	417	0	47.1885	13925	8	6691	48.0502692998205	66.9204022178367	12655	9	7121	56.2702489134729	36.8470960094824	6.88265507704465
rand.41	KM821997_KM821998	9	8	3335	18	31.3410	228	0	88.5228	3764	8	3410	90.5951115834219	32.0458603514707	3764	8	3410	90.5951115834219	9.40488841657811	0
rand.10	NA	NA	NA	NA	NA	NA	NA	NA	NA	NA	NA	NA	NA	NA	NA	NA	NA	NA	NA	NA
rand.6	KM821997_KM821998	3	1	495	2	4.6518	30	0	41.1130	1204	1	529	43.936877076412	4.9713372803308	1204	1	529	43.936877076412	0	56.063122923588
rand.73	KM821997_KM821998	1	1	6806	1	63.9602	505	5	99.8826	6813	1	6813	100	64.0259374118974	6813	1	6813	100	0	0
rand.47	KM821997_KM821998	3	1	573	2	5.3848	43	1	47.0008	1217	1	601	49.3837304847987	5.64796541678414	1217	1	601	49.3837304847987	50.6162695152013	0
rand.83	NA	NA	NA	NA	NA	NA	NA	NA	NA	NA	NA	NA	NA	NA	NA	NA	NA	NA	NA	NA
rand.96	NA	5	4	2905	NA	27.2131147540984	NA	NA	85.718501032753	3389	4	2905	85.718501032753	27.2131147540984	3389	4	2905	85.718501032753	14.281498967247	0
rand.50	KM821997_KM821998	9	7	4794	16	45.0522	315	2	85.3228	5839	7	5192	88.9193355026546	48.7924067286909	5839	7	5192	88.9193355026546	0	11.0806644973454
rand.82	KM821997_KM821998	1	1	6762	2	63.5467	494	1	98.7584	6846	1	6846	100	64.3360586411052	6846	1	6846	100	0	0
rand.93	NA	NA	NA	NA	NA	NA	NA	NA	NA	NA	NA	NA	NA	NA	NA	NA	NA	NA	NA	NA
rand.16	KM821997_KM821998	8	8	5071	16	47.6553	355	0	97.8293	5344	8	5344	100	50.220843905648	5344	8	5344	100	0	0
rand.28	KM821997_KM821998	5	4	3282	10	30.8430	217	0	89.9050	3685	4	3360	91.1804613297151	31.5759797011559	3685	4	3360	91.1804613297151	8.81953867028494	3.5527136788005e-15
rand.79	KM821997_KM821998	9	7	3682	14	34.6020	271	0	80.5801	4758	7	3988	83.8167297183691	37.4776806691101	4758	7	3988	83.8167297183691	16.1832702816309	0
rand.64	NA	NA	NA	NA	NA	NA	NA	NA	NA	NA	NA	NA	NA	NA	NA	NA	NA	NA	NA	NA
rand.78	KM821997_KM821998	2	1	461	2	4.3323	27	0	56.9136	810	1	461	56.9135802469136	4.33229959590264	810	1	461	56.9135802469136	43.0864197530864	7.105427357601e-15
rand.7	KM821997_KM821998	14	4	6933	7	65.1537	877	12	42.2455	28564	4	15940	55.8045091723848	100	28564	14	28564	100	0	0
rand.1	NA	NA	NA	NA	NA	NA	NA	NA	NA	NA	NA	NA	NA	NA	NA	NA	NA	NA	NA	NA
