order	fre	frePool	ratio
1	24339	24339	0.677061310782241
2	22063	26983	0.750611995104039
3	21893	28237	0.785495716034272
4	21762	29073	0.80875152998776
5	20716	29493	0.820435072883053
6	20625	29843	0.830171358629131
7	19721	30287	0.842522532547012
8	19391	30636	0.852231000333815
9	19282	30883	0.859102036274619
10	19202	31243	0.869116501613442
11	19168	31427	0.874235006119951
12	19126	31597	0.878964059196617
13	18928	31696	0.881718037164794
14	18872	32299	0.898492266607322
15	18753	32399	0.901274062534772
16	18549	32470	0.903249137643263
17	18504	32603	0.906948926226772
18	18461	32680	0.909090909090909
19	18417	32732	0.910537442973184
20	18414	32829	0.913235785022811
21	18272	32913	0.915572493601869
22	17792	32949	0.916573940135752
23	17688	33145	0.922026260153555
24	17653	33194	0.923389340158006
25	17607	33275	0.925642594859241
26	17515	33408	0.929342383442751
27	17383	33457	0.930705463447202
28	17308	33504	0.932012907533103
29	17211	33534	0.932847446311339
30	17126	33567	0.933765438967397
31	17106	33600	0.934683431623456
32	17027	34297	0.954072549237788
33	16448	34315	0.954573272504729
34	16429	34321	0.954740180260376
35	16410	34339	0.955240903527317
36	16401	34350	0.955546901079337
37	16292	34360	0.955825080672082
38	16248	34377	0.956297985979749
39	16088	34388	0.956603983531768
40	16033	34396	0.956826527205964
41	15866	34407	0.957132524757984
42	15860	34420	0.957494158228552
43	15857	34449	0.958300879047513
44	15824	34712	0.965617002336709
45	15525	34718	0.965783910092356
46	15492	34895	0.970707688883943
47	15321	34896	0.970735506843218
48	15211	34953	0.972321130521865
49	15136	34964	0.972627128073885
50	15057	34969	0.972766217870257
51	14396	35045	0.97488038277512
52	14026	35047	0.974936018693669
53	13957	35061	0.975325470123512
54	13920	35065	0.97543674196061
55	13859	35076	0.975742739512629
56	13746	35088	0.976076555023923
57	13731	35111	0.976716368087237
58	13675	35130	0.977244909313453
59	13103	35149	0.977773450539668
60	13056	35158	0.978023812173139
61	13018	35167	0.97827417380661
62	13005	35329	0.98278068320908
63	12914	35333	0.982891955046178
64	12867	35333	0.982891955046178
65	12797	35333	0.982891955046178
66	12660	35336	0.982975408924001
67	12536	35338	0.98303104484255
68	12430	35343	0.983170134638923
69	12359	35411	0.985061755869589
70	12337	35446	0.986035384444197
71	12301	35476	0.986869923222432
72	12173	35500	0.987537554245021
73	12157	35500	0.987537554245021
74	12154	35501	0.987565372204295
75	12129	35502	0.98759319016357
76	12109	35502	0.98759319016357
77	11975	35525	0.988233003226883
78	11879	35546	0.988817180371648
79	11835	35555	0.989067542005118
80	11821	35564	0.989317903638589
81	11789	35569	0.989456993434962
82	11786	35569	0.989456993434962
83	11774	35576	0.989651719149883
84	11728	35580	0.989762990986981
85	11721	35587	0.989957716701903
86	11691	35587	0.989957716701903
87	11682	35595	0.990180260376099
88	11682	35598	0.990263714253922
89	11646	35601	0.990347168131746
90	11622	35607	0.990514075887393
91	11607	35609	0.990569711805942
92	11604	35611	0.990625347724491
93	11601	35612	0.990653165683765
94	11593	35612	0.990653165683765
95	11589	35615	0.990736619561589
96	11520	35616	0.990764437520864
97	11480	35617	0.990792255480138
98	11473	35620	0.990875709357962
99	11460	35620	0.990875709357962
100	11458	35622	0.990931345276511
101	11432	35626	0.991042617113609
102	11416	35627	0.991070435072883
103	11396	35628	0.991098253032158
104	11394	35629	0.991126070991432
105	11387	35629	0.991126070991432
106	11376	35630	0.991153888950707
107	11318	35630	0.991153888950707
108	11302	35630	0.991153888950707
109	11294	35630	0.991153888950707
110	11242	35632	0.991209524869256
111	11240	35632	0.991209524869256
112	11237	35632	0.991209524869256
113	11235	35633	0.99123734282853
114	11234	35636	0.991320796706354
115	11222	35636	0.991320796706354
116	11216	35638	0.991376432624903
117	11215	35640	0.991432068543452
118	11214	35641	0.991459886502726
119	11210	35644	0.99154334038055
120	11206	35645	0.991571158339824
121	11204	35645	0.991571158339824
122	11168	35646	0.991598976299099
123	11129	35651	0.991738066095471
124	11100	35656	0.991877155891844
125	11097	35658	0.991932791810393
126	11096	35662	0.992044063647491
127	11091	35663	0.992071881606765
128	11070	35663	0.992071881606765
129	11057	35663	0.992071881606765
130	11038	35663	0.992071881606765
131	11037	35663	0.992071881606765
132	11022	35663	0.992071881606765
133	11019	35664	0.99209969956604
134	10985	35664	0.99209969956604
135	10983	35665	0.992127517525314
136	10975	35665	0.992127517525314
137	10942	35665	0.992127517525314
138	10930	35665	0.992127517525314
139	10902	35665	0.992127517525314
140	10896	35666	0.992155335484589
141	10813	35667	0.992183153443863
142	10770	35667	0.992183153443863
143	10760	35667	0.992183153443863
144	10743	35667	0.992183153443863
145	10739	35667	0.992183153443863
146	10702	35669	0.992238789362412
147	10696	35670	0.992266607321687
148	10690	35670	0.992266607321687
149	10685	35671	0.992294425280961
150	10675	35671	0.992294425280961
151	10658	35673	0.99235006119951
152	10657	35673	0.99235006119951
153	10625	35674	0.992377879158785
154	10613	35674	0.992377879158785
155	10610	35677	0.992461333036608
156	10610	35678	0.992489150995883
157	10586	35678	0.992489150995883
158	10553	35678	0.992489150995883
159	10548	35679	0.992516968955157
160	10415	35679	0.992516968955157
161	10385	35680	0.992544786914432
162	10379	35680	0.992544786914432
163	10365	35680	0.992544786914432
164	10298	35680	0.992544786914432
165	10254	35685	0.992683876710804
166	10228	35685	0.992683876710804
167	10222	35685	0.992683876710804
168	10217	35685	0.992683876710804
169	10185	35687	0.992739512629354
170	10174	35792	0.995660398353177
171	10153	35792	0.995660398353177
172	10153	35793	0.995688216312451
173	10137	35793	0.995688216312451
174	10124	35794	0.995716034271726
175	10113	35794	0.995716034271726
176	10103	35794	0.995716034271726
177	10087	35794	0.995716034271726
178	10071	35794	0.995716034271726
179	10048	35794	0.995716034271726
180	10048	35794	0.995716034271726
181	10009	35794	0.995716034271726
182	9996	35794	0.995716034271726
183	9965	35794	0.995716034271726
184	9965	35795	0.995743852231
185	9903	35795	0.995743852231
186	9888	35795	0.995743852231
187	9816	35795	0.995743852231
188	9784	35795	0.995743852231
189	9772	35795	0.995743852231
190	9744	35795	0.995743852231
191	9716	35795	0.995743852231
192	9692	35795	0.995743852231
193	9640	35795	0.995743852231
194	9635	35796	0.995771670190275
195	9613	35796	0.995771670190275
196	9604	35796	0.995771670190275
197	9602	35796	0.995771670190275
198	9566	35796	0.995771670190275
199	9502	35796	0.995771670190275
200	9480	35796	0.995771670190275
201	9475	35796	0.995771670190275
202	9453	35796	0.995771670190275
203	9445	35796	0.995771670190275
204	9428	35796	0.995771670190275
205	9425	35796	0.995771670190275
206	9423	35799	0.995855124068098
207	9402	35799	0.995855124068098
208	9401	35799	0.995855124068098
209	9393	35799	0.995855124068098
210	9336	35799	0.995855124068098
211	9333	35799	0.995855124068098
212	9310	35799	0.995855124068098
213	9309	35804	0.995994213864471
214	9309	35804	0.995994213864471
215	9292	35804	0.995994213864471
216	9243	35804	0.995994213864471
217	9239	35804	0.995994213864471
218	9238	35804	0.995994213864471
219	9220	35804	0.995994213864471
220	9209	35804	0.995994213864471
221	9191	35804	0.995994213864471
222	9186	35804	0.995994213864471
223	9150	35804	0.995994213864471
224	9137	35804	0.995994213864471
225	9131	35805	0.996022031823745
226	9108	35805	0.996022031823745
227	9049	35805	0.996022031823745
228	9033	35805	0.996022031823745
229	9033	35805	0.996022031823745
230	9026	35805	0.996022031823745
231	9017	35805	0.996022031823745
232	8997	35805	0.996022031823745
233	8966	35805	0.996022031823745
234	8961	35805	0.996022031823745
235	8900	35805	0.996022031823745
236	8896	35918	0.999165461221765
237	8881	35919	0.999193279181039
238	8801	35919	0.999193279181039
239	8797	35919	0.999193279181039
240	8795	35919	0.999193279181039
241	8785	35919	0.999193279181039
242	8766	35919	0.999193279181039
243	8758	35919	0.999193279181039
244	8750	35919	0.999193279181039
245	8746	35919	0.999193279181039
246	8687	35919	0.999193279181039
247	8669	35919	0.999193279181039
248	8659	35919	0.999193279181039
249	8611	35919	0.999193279181039
250	8596	35919	0.999193279181039
251	8590	35920	0.999221097140314
252	8527	35920	0.999221097140314
253	8517	35920	0.999221097140314
254	8471	35920	0.999221097140314
255	8471	35920	0.999221097140314
256	8460	35920	0.999221097140314
257	8452	35920	0.999221097140314
258	8410	35920	0.999221097140314
259	8405	35920	0.999221097140314
260	8398	35920	0.999221097140314
261	8389	35920	0.999221097140314
262	8376	35920	0.999221097140314
263	8357	35920	0.999221097140314
264	8331	35920	0.999221097140314
265	8310	35920	0.999221097140314
266	8310	35920	0.999221097140314
267	8304	35920	0.999221097140314
268	8303	35920	0.999221097140314
269	8298	35920	0.999221097140314
270	8296	35920	0.999221097140314
271	8287	35924	0.999332368977412
272	8269	35924	0.999332368977412
273	8245	35924	0.999332368977412
274	8220	35924	0.999332368977412
275	8148	35924	0.999332368977412
276	8137	35924	0.999332368977412
277	8135	35924	0.999332368977412
278	8126	35924	0.999332368977412
279	8107	35924	0.999332368977412
280	8100	35924	0.999332368977412
281	8083	35924	0.999332368977412
282	8058	35924	0.999332368977412
283	8052	35924	0.999332368977412
284	8003	35924	0.999332368977412
285	7982	35924	0.999332368977412
286	7942	35925	0.999360186936686
287	7894	35925	0.999360186936686
288	7884	35925	0.999360186936686
289	7880	35925	0.999360186936686
290	7848	35925	0.999360186936686
291	7844	35925	0.999360186936686
292	7829	35925	0.999360186936686
293	7811	35925	0.999360186936686
294	7811	35925	0.999360186936686
295	7793	35925	0.999360186936686
296	7791	35925	0.999360186936686
297	7787	35925	0.999360186936686
298	7768	35925	0.999360186936686
299	7722	35925	0.999360186936686
300	7671	35925	0.999360186936686
301	7638	35925	0.999360186936686
302	7632	35925	0.999360186936686
303	7628	35925	0.999360186936686
304	7612	35925	0.999360186936686
305	7606	35925	0.999360186936686
306	7598	35925	0.999360186936686
307	7585	35925	0.999360186936686
308	7561	35925	0.999360186936686
309	7533	35925	0.999360186936686
310	7525	35925	0.999360186936686
311	7517	35925	0.999360186936686
312	7503	35925	0.999360186936686
313	7488	35925	0.999360186936686
314	7481	35927	0.999415822855235
315	7479	35927	0.999415822855235
316	7475	35927	0.999415822855235
317	7468	35927	0.999415822855235
318	7443	35927	0.999415822855235
319	7434	35927	0.999415822855235
320	7434	35927	0.999415822855235
321	7432	35927	0.999415822855235
322	7412	35927	0.999415822855235
323	7392	35927	0.999415822855235
324	7361	35927	0.999415822855235
325	7357	35927	0.999415822855235
326	7342	35927	0.999415822855235
327	7337	35927	0.999415822855235
328	7329	35927	0.999415822855235
329	7303	35927	0.999415822855235
330	7303	35927	0.999415822855235
331	7302	35927	0.999415822855235
332	7300	35927	0.999415822855235
333	7264	35927	0.999415822855235
334	7262	35928	0.99944364081451
335	7246	35928	0.99944364081451
336	7224	35928	0.99944364081451
337	7196	35928	0.99944364081451
338	7130	35928	0.99944364081451
339	7117	35928	0.99944364081451
340	7113	35928	0.99944364081451
341	7110	35928	0.99944364081451
342	7103	35928	0.99944364081451
343	7087	35928	0.99944364081451
344	7072	35928	0.99944364081451
345	7061	35928	0.99944364081451
346	7010	35928	0.99944364081451
347	6989	35928	0.99944364081451
348	6986	35928	0.99944364081451
349	6977	35928	0.99944364081451
350	6968	35928	0.99944364081451
351	6955	35928	0.99944364081451
352	6951	35928	0.99944364081451
353	6936	35928	0.99944364081451
354	6908	35928	0.99944364081451
355	6891	35928	0.99944364081451
356	6864	35929	0.999471458773784
357	6813	35929	0.999471458773784
358	6809	35929	0.999471458773784
359	6800	35929	0.999471458773784
360	6788	35929	0.999471458773784
361	6786	35929	0.999471458773784
362	6779	35929	0.999471458773784
363	6749	35929	0.999471458773784
364	6731	35929	0.999471458773784
365	6712	35929	0.999471458773784
366	6711	35929	0.999471458773784
367	6692	35929	0.999471458773784
368	6689	35929	0.999471458773784
369	6688	35929	0.999471458773784
370	6647	35929	0.999471458773784
371	6639	35929	0.999471458773784
372	6638	35929	0.999471458773784
373	6628	35929	0.999471458773784
374	6626	35929	0.999471458773784
375	6624	35929	0.999471458773784
376	6611	35929	0.999471458773784
377	6604	35929	0.999471458773784
378	6601	35929	0.999471458773784
379	6593	35929	0.999471458773784
380	6571	35929	0.999471458773784
381	6523	35929	0.999471458773784
382	6508	35929	0.999471458773784
383	6485	35929	0.999471458773784
384	6483	35929	0.999471458773784
385	6457	35929	0.999471458773784
386	6457	35929	0.999471458773784
387	6445	35929	0.999471458773784
388	6430	35929	0.999471458773784
389	6411	35929	0.999471458773784
390	6406	35929	0.999471458773784
391	6402	35929	0.999471458773784
392	6402	35929	0.999471458773784
393	6354	35929	0.999471458773784
394	6352	35929	0.999471458773784
395	6332	35929	0.999471458773784
396	6282	35929	0.999471458773784
397	6278	35929	0.999471458773784
398	6276	35929	0.999471458773784
399	6276	35929	0.999471458773784
400	6262	35930	0.999499276733059
401	6250	35930	0.999499276733059
402	6244	35930	0.999499276733059
403	6244	35930	0.999499276733059
404	6234	35930	0.999499276733059
405	6234	35930	0.999499276733059
406	6216	35930	0.999499276733059
407	6214	35930	0.999499276733059
408	6210	35930	0.999499276733059
409	6190	35930	0.999499276733059
410	6157	35930	0.999499276733059
411	6151	35930	0.999499276733059
412	6151	35930	0.999499276733059
413	6122	35930	0.999499276733059
414	6111	35930	0.999499276733059
415	6102	35930	0.999499276733059
416	6095	35932	0.999554912651608
417	6082	35932	0.999554912651608
418	6074	35932	0.999554912651608
419	6040	35932	0.999554912651608
420	6037	35935	0.999638366529431
421	6026	35935	0.999638366529431
422	6011	35935	0.999638366529431
423	6011	35935	0.999638366529431
424	5975	35935	0.999638366529431
425	5972	35935	0.999638366529431
426	5970	35935	0.999638366529431
427	5946	35935	0.999638366529431
428	5941	35935	0.999638366529431
429	5919	35935	0.999638366529431
430	5896	35935	0.999638366529431
431	5882	35935	0.999638366529431
432	5836	35935	0.999638366529431
433	5812	35935	0.999638366529431
434	5763	35935	0.999638366529431
435	5736	35935	0.999638366529431
436	5698	35935	0.999638366529431
437	5697	35935	0.999638366529431
438	5685	35935	0.999638366529431
439	5636	35935	0.999638366529431
440	5623	35936	0.999666184488706
441	5588	35936	0.999666184488706
442	5581	35936	0.999666184488706
443	5565	35936	0.999666184488706
444	5528	35936	0.999666184488706
445	5527	35936	0.999666184488706
446	5499	35936	0.999666184488706
447	5497	35936	0.999666184488706
448	5485	35936	0.999666184488706
449	5482	35936	0.999666184488706
450	5470	35936	0.999666184488706
451	5469	35936	0.999666184488706
452	5461	35936	0.999666184488706
453	5455	35936	0.999666184488706
454	5438	35936	0.999666184488706
455	5414	35936	0.999666184488706
456	5411	35936	0.999666184488706
457	5402	35936	0.999666184488706
458	5394	35936	0.999666184488706
459	5391	35936	0.999666184488706
460	5360	35936	0.999666184488706
461	5333	35936	0.999666184488706
462	5326	35936	0.999666184488706
463	5318	35936	0.999666184488706
464	5303	35936	0.999666184488706
465	5283	35936	0.999666184488706
466	5283	35936	0.999666184488706
467	5270	35936	0.999666184488706
468	5252	35936	0.999666184488706
469	5243	35936	0.999666184488706
470	5231	35936	0.999666184488706
471	5207	35936	0.999666184488706
472	5201	35936	0.999666184488706
473	5200	35936	0.999666184488706
474	5182	35936	0.999666184488706
475	5166	35936	0.999666184488706
476	5162	35936	0.999666184488706
477	5156	35936	0.999666184488706
478	5137	35936	0.999666184488706
479	5097	35936	0.999666184488706
480	5060	35936	0.999666184488706
481	5021	35936	0.999666184488706
482	5019	35936	0.999666184488706
483	4989	35936	0.999666184488706
484	4956	35936	0.999666184488706
485	4952	35936	0.999666184488706
486	4930	35936	0.999666184488706
487	4908	35936	0.999666184488706
488	4903	35936	0.999666184488706
489	4890	35936	0.999666184488706
490	4890	35936	0.999666184488706
491	4883	35936	0.999666184488706
492	4878	35936	0.999666184488706
493	4864	35936	0.999666184488706
494	4838	35936	0.999666184488706
495	4833	35936	0.999666184488706
496	4818	35936	0.999666184488706
497	4814	35936	0.999666184488706
498	4812	35936	0.999666184488706
499	4792	35936	0.999666184488706
500	4774	35936	0.999666184488706
501	4773	35936	0.999666184488706
502	4770	35936	0.999666184488706
503	4754	35936	0.999666184488706
504	4732	35936	0.999666184488706
505	4728	35936	0.999666184488706
506	4727	35936	0.999666184488706
507	4725	35936	0.999666184488706
508	4713	35936	0.999666184488706
509	4698	35936	0.999666184488706
510	4683	35936	0.999666184488706
511	4675	35936	0.999666184488706
512	4674	35936	0.999666184488706
513	4670	35936	0.999666184488706
514	4667	35936	0.999666184488706
515	4665	35936	0.999666184488706
516	4664	35936	0.999666184488706
517	4663	35936	0.999666184488706
518	4653	35936	0.999666184488706
519	4637	35936	0.999666184488706
520	4631	35936	0.999666184488706
521	4626	35936	0.999666184488706
522	4619	35936	0.999666184488706
523	4606	35936	0.999666184488706
524	4594	35937	0.99969400244798
525	4576	35937	0.99969400244798
526	4575	35937	0.99969400244798
527	4571	35937	0.99969400244798
528	4568	35937	0.99969400244798
529	4554	35937	0.99969400244798
530	4554	35937	0.99969400244798
531	4536	35937	0.99969400244798
532	4529	35937	0.99969400244798
533	4527	35937	0.99969400244798
534	4517	35937	0.99969400244798
535	4509	35937	0.99969400244798
536	4501	35937	0.99969400244798
537	4490	35937	0.99969400244798
538	4478	35937	0.99969400244798
539	4477	35937	0.99969400244798
540	4471	35937	0.99969400244798
541	4464	35937	0.99969400244798
542	4446	35937	0.99969400244798
543	4433	35937	0.99969400244798
544	4425	35937	0.99969400244798
545	4411	35937	0.99969400244798
546	4410	35937	0.99969400244798
547	4409	35937	0.99969400244798
548	4392	35937	0.99969400244798
549	4385	35937	0.99969400244798
550	4383	35937	0.99969400244798
551	4381	35937	0.99969400244798
552	4377	35937	0.99969400244798
553	4374	35937	0.99969400244798
554	4351	35937	0.99969400244798
555	4321	35937	0.99969400244798
556	4319	35937	0.99969400244798
557	4311	35937	0.99969400244798
558	4305	35937	0.99969400244798
559	4294	35937	0.99969400244798
560	4293	35937	0.99969400244798
561	4287	35937	0.99969400244798
562	4280	35937	0.99969400244798
563	4265	35937	0.99969400244798
564	4255	35937	0.99969400244798
565	4247	35937	0.99969400244798
566	4246	35937	0.99969400244798
567	4235	35937	0.99969400244798
568	4217	35937	0.99969400244798
569	4199	35937	0.99969400244798
570	4158	35937	0.99969400244798
571	4144	35937	0.99969400244798
572	4132	35937	0.99969400244798
573	4088	35937	0.99969400244798
574	4069	35937	0.99969400244798
575	4063	35937	0.99969400244798
576	4027	35937	0.99969400244798
577	3984	35937	0.99969400244798
578	3980	35937	0.99969400244798
579	3960	35937	0.99969400244798
580	3952	35937	0.99969400244798
581	3950	35937	0.99969400244798
582	3948	35937	0.99969400244798
583	3913	35937	0.99969400244798
584	3910	35937	0.99969400244798
585	3900	35937	0.99969400244798
586	3900	35937	0.99969400244798
587	3843	35937	0.99969400244798
588	3828	35939	0.999749638366529
589	3780	35939	0.999749638366529
590	3759	35939	0.999749638366529
591	3759	35939	0.999749638366529
592	3751	35939	0.999749638366529
593	3741	35939	0.999749638366529
594	3716	35939	0.999749638366529
595	3703	35939	0.999749638366529
596	3702	35939	0.999749638366529
597	3687	35939	0.999749638366529
598	3682	35939	0.999749638366529
599	3673	35939	0.999749638366529
600	3666	35939	0.999749638366529
601	3653	35939	0.999749638366529
602	3650	35939	0.999749638366529
603	3634	35939	0.999749638366529
604	3616	35939	0.999749638366529
605	3613	35939	0.999749638366529
606	3585	35939	0.999749638366529
607	3574	35939	0.999749638366529
608	3570	35939	0.999749638366529
609	3548	35939	0.999749638366529
610	3530	35939	0.999749638366529
611	3528	35939	0.999749638366529
612	3468	35939	0.999749638366529
613	3466	35939	0.999749638366529
614	3464	35939	0.999749638366529
615	3457	35939	0.999749638366529
616	3452	35939	0.999749638366529
617	3439	35939	0.999749638366529
618	3429	35939	0.999749638366529
619	3424	35939	0.999749638366529
620	3420	35939	0.999749638366529
621	3413	35939	0.999749638366529
622	3397	35939	0.999749638366529
623	3394	35939	0.999749638366529
624	3384	35939	0.999749638366529
625	3384	35939	0.999749638366529
626	3356	35939	0.999749638366529
627	3355	35939	0.999749638366529
628	3348	35939	0.999749638366529
629	3347	35939	0.999749638366529
630	3333	35939	0.999749638366529
631	3322	35939	0.999749638366529
632	3322	35939	0.999749638366529
633	3319	35939	0.999749638366529
634	3306	35939	0.999749638366529
635	3300	35939	0.999749638366529
636	3288	35939	0.999749638366529
637	3283	35939	0.999749638366529
638	3274	35939	0.999749638366529
639	3272	35939	0.999749638366529
640	3260	35939	0.999749638366529
641	3257	35939	0.999749638366529
642	3243	35939	0.999749638366529
643	3242	35939	0.999749638366529
644	3238	35939	0.999749638366529
645	3238	35939	0.999749638366529
646	3228	35939	0.999749638366529
647	3218	35939	0.999749638366529
648	3200	35939	0.999749638366529
649	3185	35939	0.999749638366529
650	3179	35939	0.999749638366529
651	3147	35939	0.999749638366529
652	3130	35939	0.999749638366529
653	3127	35939	0.999749638366529
654	3124	35939	0.999749638366529
655	3123	35939	0.999749638366529
656	3119	35939	0.999749638366529
657	3116	35939	0.999749638366529
658	3108	35939	0.999749638366529
659	3103	35939	0.999749638366529
660	3101	35939	0.999749638366529
661	3100	35939	0.999749638366529
662	3099	35939	0.999749638366529
663	3097	35939	0.999749638366529
664	3096	35939	0.999749638366529
665	3095	35939	0.999749638366529
666	3095	35939	0.999749638366529
667	3091	35939	0.999749638366529
668	3080	35939	0.999749638366529
669	3055	35939	0.999749638366529
670	3045	35939	0.999749638366529
671	3027	35939	0.999749638366529
672	3026	35939	0.999749638366529
673	3008	35939	0.999749638366529
674	3005	35939	0.999749638366529
675	3004	35939	0.999749638366529
676	3001	35939	0.999749638366529
677	2979	35939	0.999749638366529
678	2976	35939	0.999749638366529
679	2974	35939	0.999749638366529
680	2973	35939	0.999749638366529
681	2967	35939	0.999749638366529
682	2965	35939	0.999749638366529
683	2958	35939	0.999749638366529
684	2958	35939	0.999749638366529
685	2956	35939	0.999749638366529
686	2953	35939	0.999749638366529
687	2953	35939	0.999749638366529
688	2943	35939	0.999749638366529
689	2903	35940	0.999777456325804
690	2891	35940	0.999777456325804
691	2889	35940	0.999777456325804
692	2889	35940	0.999777456325804
693	2880	35940	0.999777456325804
694	2859	35940	0.999777456325804
695	2853	35940	0.999777456325804
696	2853	35940	0.999777456325804
697	2851	35940	0.999777456325804
698	2847	35940	0.999777456325804
699	2846	35940	0.999777456325804
700	2834	35940	0.999777456325804
701	2833	35940	0.999777456325804
702	2826	35940	0.999777456325804
703	2812	35940	0.999777456325804
704	2809	35940	0.999777456325804
705	2807	35940	0.999777456325804
706	2804	35940	0.999777456325804
707	2803	35940	0.999777456325804
708	2798	35940	0.999777456325804
709	2790	35940	0.999777456325804
710	2788	35940	0.999777456325804
711	2768	35940	0.999777456325804
712	2757	35940	0.999777456325804
713	2748	35946	0.999944364081451
714	2748	35946	0.999944364081451
715	2741	35946	0.999944364081451
716	2733	35946	0.999944364081451
717	2700	35946	0.999944364081451
718	2697	35946	0.999944364081451
719	2692	35946	0.999944364081451
720	2687	35946	0.999944364081451
721	2685	35946	0.999944364081451
722	2658	35946	0.999944364081451
723	2657	35946	0.999944364081451
724	2636	35946	0.999944364081451
725	2618	35946	0.999944364081451
726	2614	35946	0.999944364081451
727	2612	35946	0.999944364081451
728	2607	35946	0.999944364081451
729	2601	35946	0.999944364081451
730	2592	35946	0.999944364081451
731	2567	35946	0.999944364081451
732	2566	35946	0.999944364081451
733	2563	35946	0.999944364081451
734	2554	35946	0.999944364081451
735	2553	35946	0.999944364081451
736	2544	35946	0.999944364081451
737	2544	35946	0.999944364081451
738	2542	35946	0.999944364081451
739	2530	35946	0.999944364081451
740	2528	35946	0.999944364081451
741	2524	35946	0.999944364081451
742	2516	35946	0.999944364081451
743	2512	35946	0.999944364081451
744	2511	35946	0.999944364081451
745	2493	35946	0.999944364081451
746	2493	35946	0.999944364081451
747	2492	35946	0.999944364081451
748	2480	35946	0.999944364081451
749	2479	35946	0.999944364081451
750	2477	35946	0.999944364081451
751	2463	35946	0.999944364081451
752	2457	35946	0.999944364081451
753	2454	35946	0.999944364081451
754	2453	35946	0.999944364081451
755	2449	35946	0.999944364081451
756	2448	35946	0.999944364081451
757	2446	35946	0.999944364081451
758	2442	35946	0.999944364081451
759	2429	35946	0.999944364081451
760	2423	35946	0.999944364081451
761	2418	35946	0.999944364081451
762	2417	35946	0.999944364081451
763	2407	35946	0.999944364081451
764	2401	35946	0.999944364081451
765	2392	35946	0.999944364081451
766	2386	35946	0.999944364081451
767	2374	35946	0.999944364081451
768	2371	35946	0.999944364081451
769	2364	35946	0.999944364081451
770	2364	35946	0.999944364081451
771	2355	35946	0.999944364081451
772	2333	35946	0.999944364081451
773	2329	35946	0.999944364081451
774	2329	35946	0.999944364081451
775	2321	35946	0.999944364081451
776	2321	35946	0.999944364081451
777	2320	35946	0.999944364081451
778	2312	35946	0.999944364081451
779	2312	35946	0.999944364081451
780	2305	35946	0.999944364081451
781	2303	35946	0.999944364081451
782	2303	35946	0.999944364081451
783	2298	35946	0.999944364081451
784	2290	35946	0.999944364081451
785	2285	35946	0.999944364081451
786	2281	35946	0.999944364081451
787	2273	35946	0.999944364081451
788	2271	35946	0.999944364081451
789	2264	35946	0.999944364081451
790	2257	35946	0.999944364081451
791	2253	35946	0.999944364081451
792	2247	35946	0.999944364081451
793	2245	35946	0.999944364081451
794	2240	35946	0.999944364081451
795	2227	35946	0.999944364081451
796	2224	35946	0.999944364081451
797	2222	35946	0.999944364081451
798	2216	35946	0.999944364081451
799	2214	35946	0.999944364081451
800	2203	35946	0.999944364081451
801	2201	35946	0.999944364081451
802	2200	35946	0.999944364081451
803	2189	35946	0.999944364081451
804	2186	35946	0.999944364081451
805	2171	35946	0.999944364081451
806	2167	35946	0.999944364081451
807	2166	35946	0.999944364081451
808	2162	35946	0.999944364081451
809	2160	35946	0.999944364081451
810	2160	35946	0.999944364081451
811	2159	35946	0.999944364081451
812	2154	35946	0.999944364081451
813	2148	35946	0.999944364081451
814	2146	35946	0.999944364081451
815	2122	35946	0.999944364081451
816	2114	35946	0.999944364081451
817	2112	35946	0.999944364081451
818	2102	35946	0.999944364081451
819	2087	35946	0.999944364081451
820	2080	35946	0.999944364081451
821	2079	35946	0.999944364081451
822	2078	35946	0.999944364081451
823	2066	35946	0.999944364081451
824	2065	35946	0.999944364081451
825	2063	35946	0.999944364081451
826	2061	35946	0.999944364081451
827	2060	35946	0.999944364081451
828	2057	35946	0.999944364081451
829	2053	35946	0.999944364081451
830	2052	35946	0.999944364081451
831	2047	35946	0.999944364081451
832	2044	35946	0.999944364081451
833	2037	35946	0.999944364081451
834	2029	35946	0.999944364081451
835	2023	35946	0.999944364081451
836	2022	35946	0.999944364081451
837	2016	35946	0.999944364081451
838	2011	35946	0.999944364081451
839	2011	35946	0.999944364081451
840	2009	35946	0.999944364081451
841	2007	35947	0.999972182040725
842	1999	35947	0.999972182040725
843	1997	35947	0.999972182040725
844	1982	35947	0.999972182040725
845	1970	35947	0.999972182040725
846	1969	35947	0.999972182040725
847	1964	35947	0.999972182040725
848	1960	35947	0.999972182040725
849	1954	35947	0.999972182040725
850	1952	35947	0.999972182040725
851	1942	35947	0.999972182040725
852	1939	35947	0.999972182040725
853	1939	35947	0.999972182040725
854	1930	35947	0.999972182040725
855	1923	35947	0.999972182040725
856	1918	35947	0.999972182040725
857	1915	35947	0.999972182040725
858	1915	35947	0.999972182040725
859	1908	35947	0.999972182040725
860	1907	35947	0.999972182040725
861	1899	35947	0.999972182040725
862	1895	35947	0.999972182040725
863	1893	35947	0.999972182040725
864	1887	35947	0.999972182040725
865	1882	35947	0.999972182040725
866	1876	35947	0.999972182040725
867	1858	35947	0.999972182040725
868	1850	35947	0.999972182040725
869	1833	35947	0.999972182040725
870	1832	35947	0.999972182040725
871	1829	35947	0.999972182040725
872	1824	35947	0.999972182040725
873	1821	35947	0.999972182040725
874	1817	35947	0.999972182040725
875	1810	35947	0.999972182040725
876	1799	35947	0.999972182040725
877	1799	35947	0.999972182040725
878	1798	35947	0.999972182040725
879	1797	35947	0.999972182040725
880	1795	35947	0.999972182040725
881	1794	35947	0.999972182040725
882	1788	35947	0.999972182040725
883	1787	35947	0.999972182040725
884	1780	35947	0.999972182040725
885	1780	35947	0.999972182040725
886	1772	35947	0.999972182040725
887	1768	35947	0.999972182040725
888	1767	35947	0.999972182040725
889	1763	35947	0.999972182040725
890	1763	35947	0.999972182040725
891	1747	35947	0.999972182040725
892	1746	35947	0.999972182040725
893	1742	35947	0.999972182040725
894	1741	35947	0.999972182040725
895	1735	35947	0.999972182040725
896	1735	35947	0.999972182040725
897	1722	35947	0.999972182040725
898	1717	35947	0.999972182040725
899	1715	35947	0.999972182040725
900	1713	35947	0.999972182040725
901	1707	35947	0.999972182040725
902	1702	35947	0.999972182040725
903	1694	35947	0.999972182040725
904	1691	35947	0.999972182040725
905	1690	35947	0.999972182040725
906	1688	35947	0.999972182040725
907	1687	35947	0.999972182040725
908	1684	35947	0.999972182040725
909	1683	35947	0.999972182040725
910	1676	35947	0.999972182040725
911	1675	35947	0.999972182040725
912	1665	35947	0.999972182040725
913	1656	35947	0.999972182040725
914	1655	35947	0.999972182040725
915	1648	35947	0.999972182040725
916	1646	35947	0.999972182040725
917	1639	35947	0.999972182040725
918	1637	35947	0.999972182040725
919	1637	35947	0.999972182040725
920	1637	35947	0.999972182040725
921	1635	35947	0.999972182040725
922	1632	35947	0.999972182040725
923	1632	35947	0.999972182040725
924	1626	35947	0.999972182040725
925	1623	35947	0.999972182040725
926	1623	35947	0.999972182040725
927	1622	35947	0.999972182040725
928	1622	35947	0.999972182040725
929	1620	35947	0.999972182040725
930	1620	35947	0.999972182040725
931	1619	35947	0.999972182040725
932	1614	35947	0.999972182040725
933	1613	35947	0.999972182040725
934	1610	35947	0.999972182040725
935	1608	35947	0.999972182040725
936	1604	35947	0.999972182040725
937	1601	35947	0.999972182040725
938	1598	35947	0.999972182040725
939	1592	35947	0.999972182040725
940	1579	35947	0.999972182040725
941	1576	35947	0.999972182040725
942	1575	35947	0.999972182040725
943	1575	35947	0.999972182040725
944	1572	35947	0.999972182040725
945	1567	35947	0.999972182040725
946	1553	35947	0.999972182040725
947	1551	35947	0.999972182040725
948	1546	35947	0.999972182040725
949	1545	35947	0.999972182040725
950	1542	35947	0.999972182040725
951	1535	35947	0.999972182040725
952	1531	35947	0.999972182040725
953	1530	35947	0.999972182040725
954	1525	35947	0.999972182040725
955	1524	35947	0.999972182040725
956	1524	35947	0.999972182040725
957	1520	35947	0.999972182040725
958	1514	35947	0.999972182040725
959	1513	35947	0.999972182040725
960	1507	35947	0.999972182040725
961	1501	35947	0.999972182040725
962	1500	35947	0.999972182040725
963	1494	35947	0.999972182040725
964	1494	35947	0.999972182040725
965	1492	35947	0.999972182040725
966	1486	35947	0.999972182040725
967	1486	35947	0.999972182040725
968	1485	35947	0.999972182040725
969	1484	35947	0.999972182040725
970	1484	35947	0.999972182040725
971	1478	35947	0.999972182040725
972	1478	35947	0.999972182040725
973	1464	35947	0.999972182040725
974	1461	35947	0.999972182040725
975	1454	35947	0.999972182040725
976	1453	35947	0.999972182040725
977	1453	35947	0.999972182040725
978	1451	35947	0.999972182040725
979	1447	35947	0.999972182040725
980	1443	35947	0.999972182040725
981	1442	35947	0.999972182040725
982	1442	35947	0.999972182040725
983	1441	35947	0.999972182040725
984	1438	35947	0.999972182040725
985	1436	35947	0.999972182040725
986	1432	35947	0.999972182040725
987	1431	35947	0.999972182040725
988	1431	35947	0.999972182040725
989	1427	35947	0.999972182040725
990	1425	35947	0.999972182040725
991	1420	35947	0.999972182040725
992	1419	35947	0.999972182040725
993	1418	35947	0.999972182040725
994	1417	35947	0.999972182040725
995	1416	35947	0.999972182040725
996	1409	35947	0.999972182040725
997	1408	35947	0.999972182040725
998	1405	35947	0.999972182040725
999	1401	35947	0.999972182040725
1000	1399	35947	0.999972182040725
1001	1395	35947	0.999972182040725
1002	1392	35947	0.999972182040725
1003	1386	35947	0.999972182040725
1004	1383	35947	0.999972182040725
1005	1377	35947	0.999972182040725
1006	1377	35947	0.999972182040725
1007	1374	35947	0.999972182040725
1008	1371	35947	0.999972182040725
1009	1368	35947	0.999972182040725
1010	1366	35947	0.999972182040725
1011	1365	35947	0.999972182040725
1012	1364	35947	0.999972182040725
1013	1362	35947	0.999972182040725
1014	1361	35947	0.999972182040725
1015	1361	35947	0.999972182040725
1016	1351	35947	0.999972182040725
1017	1347	35947	0.999972182040725
1018	1343	35947	0.999972182040725
1019	1343	35947	0.999972182040725
1020	1340	35947	0.999972182040725
1021	1340	35947	0.999972182040725
1022	1337	35947	0.999972182040725
1023	1333	35947	0.999972182040725
1024	1326	35947	0.999972182040725
1025	1325	35947	0.999972182040725
1026	1322	35947	0.999972182040725
1027	1319	35947	0.999972182040725
1028	1318	35947	0.999972182040725
1029	1316	35947	0.999972182040725
1030	1313	35947	0.999972182040725
1031	1312	35948	1
1032	1310	35948	1
1033	1306	35948	1
1034	1305	35948	1
1035	1304	35948	1
1036	1300	35948	1
1037	1298	35948	1
1038	1285	35948	1
1039	1285	35948	1
1040	1285	35948	1
1041	1282	35948	1
1042	1281	35948	1
1043	1281	35948	1
1044	1279	35948	1
1045	1277	35948	1
1046	1272	35948	1
1047	1272	35948	1
1048	1272	35948	1
1049	1269	35948	1
1050	1264	35948	1
1051	1260	35948	1
1052	1255	35948	1
1053	1254	35948	1
1054	1253	35948	1
1055	1251	35948	1
1056	1249	35948	1
1057	1249	35948	1
1058	1249	35948	1
1059	1248	35948	1
1060	1247	35948	1
1061	1247	35948	1
1062	1244	35948	1
1063	1244	35948	1
1064	1243	35948	1
1065	1239	35948	1
1066	1239	35948	1
1067	1236	35948	1
1068	1233	35948	1
1069	1230	35948	1
1070	1230	35948	1
1071	1229	35948	1
1072	1227	35948	1
1073	1220	35948	1
1074	1214	35948	1
1075	1212	35948	1
1076	1209	35948	1
1077	1207	35948	1
1078	1205	35948	1
1079	1205	35948	1
1080	1201	35948	1
1081	1201	35948	1
1082	1200	35948	1
1083	1198	35948	1
1084	1197	35948	1
1085	1195	35948	1
1086	1192	35948	1
1087	1192	35948	1
1088	1191	35948	1
1089	1191	35948	1
1090	1189	35948	1
1091	1187	35948	1
1092	1184	35948	1
1093	1183	35948	1
1094	1179	35948	1
1095	1178	35948	1
1096	1176	35948	1
1097	1176	35948	1
1098	1174	35948	1
1099	1171	35948	1
1100	1161	35948	1
1101	1159	35948	1
1102	1157	35948	1
1103	1156	35948	1
1104	1156	35948	1
1105	1154	35948	1
1106	1154	35948	1
1107	1152	35948	1
1108	1151	35948	1
1109	1150	35948	1
1110	1148	35948	1
1111	1144	35948	1
1112	1139	35948	1
1113	1139	35948	1
1114	1139	35948	1
1115	1138	35948	1
1116	1137	35948	1
1117	1135	35948	1
1118	1135	35948	1
1119	1133	35948	1
1120	1124	35948	1
1121	1124	35948	1
1122	1122	35948	1
1123	1117	35948	1
1124	1115	35948	1
1125	1113	35948	1
1126	1111	35948	1
1127	1106	35948	1
1128	1103	35948	1
1129	1101	35948	1
1130	1100	35948	1
1131	1096	35948	1
1132	1094	35948	1
1133	1091	35948	1
1134	1089	35948	1
1135	1089	35948	1
1136	1086	35948	1
1137	1081	35948	1
1138	1076	35948	1
1139	1074	35948	1
1140	1072	35948	1
1141	1070	35948	1
1142	1069	35948	1
1143	1068	35948	1
1144	1065	35948	1
1145	1062	35948	1
1146	1061	35948	1
1147	1060	35948	1
1148	1057	35948	1
1149	1057	35948	1
1150	1056	35948	1
1151	1053	35948	1
1152	1052	35948	1
1153	1050	35948	1
1154	1050	35948	1
1155	1049	35948	1
1156	1039	35948	1
1157	1037	35948	1
1158	1035	35948	1
1159	1027	35948	1
1160	1024	35948	1
1161	1024	35948	1
1162	1022	35948	1
1163	1019	35948	1
1164	1018	35948	1
1165	1018	35948	1
1166	1013	35948	1
1167	1011	35948	1
1168	1011	35948	1
1169	1010	35948	1
1170	1007	35948	1
1171	998	35948	1
1172	994	35948	1
1173	993	35948	1
1174	988	35948	1
1175	987	35948	1
1176	986	35948	1
1177	986	35948	1
1178	984	35948	1
1179	983	35948	1
1180	982	35948	1
1181	981	35948	1
1182	981	35948	1
1183	981	35948	1
1184	981	35948	1
1185	979	35948	1
1186	978	35948	1
1187	976	35948	1
1188	975	35948	1
1189	974	35948	1
1190	973	35948	1
1191	972	35948	1
1192	969	35948	1
1193	969	35948	1
1194	963	35948	1
1195	963	35948	1
1196	963	35948	1
1197	960	35948	1
1198	960	35948	1
1199	959	35948	1
1200	958	35948	1
1201	957	35948	1
1202	950	35948	1
1203	948	35948	1
1204	941	35948	1
1205	940	35948	1
1206	939	35948	1
1207	939	35948	1
1208	939	35948	1
1209	938	35948	1
1210	938	35948	1
1211	931	35948	1
1212	930	35948	1
1213	929	35948	1
1214	928	35948	1
1215	927	35948	1
1216	926	35948	1
1217	926	35948	1
1218	925	35948	1
1219	925	35948	1
1220	923	35948	1
1221	922	35948	1
1222	921	35948	1
1223	915	35948	1
1224	914	35948	1
1225	913	35948	1
1226	911	35948	1
1227	907	35948	1
1228	905	35948	1
1229	904	35948	1
1230	903	35948	1
1231	902	35948	1
1232	902	35948	1
1233	902	35948	1
1234	901	35948	1
1235	901	35948	1
1236	900	35948	1
1237	897	35948	1
1238	891	35948	1
1239	891	35948	1
1240	888	35948	1
1241	887	35948	1
1242	885	35948	1
1243	885	35948	1
1244	885	35948	1
1245	880	35948	1
1246	880	35948	1
1247	879	35948	1
1248	877	35948	1
1249	875	35948	1
1250	872	35948	1
1251	871	35948	1
1252	869	35948	1
1253	867	35948	1
1254	866	35948	1
1255	866	35948	1
1256	866	35948	1
1257	863	35948	1
1258	863	35948	1
1259	862	35948	1
1260	861	35948	1
1261	858	35948	1
1262	857	35948	1
1263	857	35948	1
1264	854	35948	1
1265	853	35948	1
1266	846	35948	1
1267	843	35948	1
1268	835	35948	1
1269	835	35948	1
1270	831	35948	1
1271	831	35948	1
1272	829	35948	1
1273	828	35948	1
1274	828	35948	1
1275	826	35948	1
1276	826	35948	1
1277	826	35948	1
1278	825	35948	1
1279	822	35948	1
1280	820	35948	1
1281	819	35948	1
1282	819	35948	1
1283	818	35948	1
1284	818	35948	1
1285	818	35948	1
1286	816	35948	1
1287	816	35948	1
1288	812	35948	1
1289	810	35948	1
1290	806	35948	1
1291	806	35948	1
1292	804	35948	1
1293	801	35948	1
1294	800	35948	1
1295	800	35948	1
1296	798	35948	1
1297	793	35948	1
1298	791	35948	1
1299	791	35948	1
1300	791	35948	1
1301	790	35948	1
1302	789	35948	1
1303	783	35948	1
1304	781	35948	1
1305	777	35948	1
1306	777	35948	1
1307	776	35948	1
1308	774	35948	1
1309	774	35948	1
1310	770	35948	1
1311	768	35948	1
1312	765	35948	1
1313	764	35948	1
1314	763	35948	1
1315	760	35948	1
1316	755	35948	1
1317	755	35948	1
1318	754	35948	1
1319	750	35948	1
1320	748	35948	1
1321	748	35948	1
1322	745	35948	1
1323	743	35948	1
1324	743	35948	1
1325	742	35948	1
1326	742	35948	1
1327	741	35948	1
1328	741	35948	1
1329	740	35948	1
1330	739	35948	1
1331	738	35948	1
1332	737	35948	1
1333	737	35948	1
1334	737	35948	1
1335	736	35948	1
1336	735	35948	1
1337	735	35948	1
1338	734	35948	1
1339	734	35948	1
1340	733	35948	1
1341	733	35948	1
1342	731	35948	1
1343	729	35948	1
1344	726	35948	1
1345	725	35948	1
1346	724	35948	1
1347	722	35948	1
1348	722	35948	1
1349	717	35948	1
1350	715	35948	1
1351	715	35948	1
1352	715	35948	1
1353	714	35948	1
1354	714	35948	1
1355	713	35948	1
1356	713	35948	1
1357	713	35948	1
1358	713	35948	1
1359	712	35948	1
1360	709	35948	1
1361	708	35948	1
1362	707	35948	1
1363	703	35948	1
1364	702	35948	1
1365	702	35948	1
1366	701	35948	1
1367	700	35948	1
1368	699	35948	1
1369	699	35948	1
1370	699	35948	1
1371	697	35948	1
1372	695	35948	1
1373	695	35948	1
1374	694	35948	1
1375	693	35948	1
1376	693	35948	1
1377	692	35948	1
1378	691	35948	1
1379	689	35948	1
1380	686	35948	1
1381	686	35948	1
1382	685	35948	1
1383	684	35948	1
1384	683	35948	1
1385	682	35948	1
1386	682	35948	1
1387	679	35948	1
1388	679	35948	1
1389	679	35948	1
1390	678	35948	1
1391	677	35948	1
1392	676	35948	1
1393	674	35948	1
1394	673	35948	1
1395	673	35948	1
1396	670	35948	1
1397	670	35948	1
1398	669	35948	1
1399	668	35948	1
1400	667	35948	1
1401	665	35948	1
1402	664	35948	1
1403	661	35948	1
1404	660	35948	1
1405	660	35948	1
1406	659	35948	1
1407	659	35948	1
1408	655	35948	1
1409	654	35948	1
1410	653	35948	1
1411	653	35948	1
1412	652	35948	1
1413	651	35948	1
1414	651	35948	1
1415	646	35948	1
1416	645	35948	1
1417	644	35948	1
1418	642	35948	1
1419	639	35948	1
1420	637	35948	1
1421	631	35948	1
1422	631	35948	1
1423	630	35948	1
1424	629	35948	1
1425	629	35948	1
1426	628	35948	1
1427	627	35948	1
1428	623	35948	1
1429	622	35948	1
1430	621	35948	1
1431	620	35948	1
1432	619	35948	1
1433	619	35948	1
1434	616	35948	1
1435	616	35948	1
1436	616	35948	1
1437	616	35948	1
1438	615	35948	1
1439	615	35948	1
1440	612	35948	1
1441	611	35948	1
1442	610	35948	1
1443	610	35948	1
1444	607	35948	1
1445	607	35948	1
1446	607	35948	1
1447	607	35948	1
1448	607	35948	1
1449	607	35948	1
1450	606	35948	1
1451	605	35948	1
1452	605	35948	1
1453	602	35948	1
1454	598	35948	1
1455	596	35948	1
1456	595	35948	1
1457	595	35948	1
1458	592	35948	1
1459	589	35948	1
1460	587	35948	1
1461	586	35948	1
1462	585	35948	1
1463	581	35948	1
1464	581	35948	1
1465	581	35948	1
1466	580	35948	1
1467	577	35948	1
1468	576	35948	1
1469	574	35948	1
1470	574	35948	1
1471	574	35948	1
1472	573	35948	1
1473	570	35948	1
1474	569	35948	1
1475	568	35948	1
1476	568	35948	1
1477	567	35948	1
1478	567	35948	1
1479	566	35948	1
1480	566	35948	1
1481	565	35948	1
1482	565	35948	1
1483	562	35948	1
1484	561	35948	1
1485	560	35948	1
1486	560	35948	1
1487	560	35948	1
1488	559	35948	1
1489	556	35948	1
1490	555	35948	1
1491	554	35948	1
1492	552	35948	1
1493	552	35948	1
1494	551	35948	1
1495	550	35948	1
1496	549	35948	1
1497	548	35948	1
1498	546	35948	1
1499	546	35948	1
1500	545	35948	1
1501	544	35948	1
1502	544	35948	1
1503	544	35948	1
1504	543	35948	1
1505	543	35948	1
1506	542	35948	1
1507	541	35948	1
1508	541	35948	1
1509	540	35948	1
1510	540	35948	1
1511	539	35948	1
1512	539	35948	1
1513	538	35948	1
1514	536	35948	1
1515	533	35948	1
1516	533	35948	1
1517	532	35948	1
1518	531	35948	1
1519	531	35948	1
1520	529	35948	1
1521	528	35948	1
1522	527	35948	1
1523	526	35948	1
1524	524	35948	1
1525	524	35948	1
1526	523	35948	1
1527	522	35948	1
1528	521	35948	1
1529	521	35948	1
1530	521	35948	1
1531	520	35948	1
1532	519	35948	1
1533	518	35948	1
1534	517	35948	1
1535	513	35948	1
1536	512	35948	1
1537	512	35948	1
1538	512	35948	1
1539	509	35948	1
1540	509	35948	1
1541	509	35948	1
1542	506	35948	1
1543	506	35948	1
1544	506	35948	1
1545	505	35948	1
1546	505	35948	1
1547	503	35948	1
1548	502	35948	1
1549	501	35948	1
1550	500	35948	1
1551	499	35948	1
1552	498	35948	1
1553	497	35948	1
1554	496	35948	1
1555	496	35948	1
1556	495	35948	1
1557	492	35948	1
1558	491	35948	1
1559	490	35948	1
1560	489	35948	1
1561	488	35948	1
1562	487	35948	1
1563	484	35948	1
1564	483	35948	1
1565	482	35948	1
1566	481	35948	1
1567	479	35948	1
1568	479	35948	1
1569	479	35948	1
1570	478	35948	1
1571	476	35948	1
1572	475	35948	1
1573	473	35948	1
1574	469	35948	1
1575	466	35948	1
1576	464	35948	1
1577	463	35948	1
1578	462	35948	1
1579	460	35948	1
1580	459	35948	1
1581	456	35948	1
1582	456	35948	1
1583	456	35948	1
1584	456	35948	1
1585	454	35948	1
1586	454	35948	1
1587	453	35948	1
1588	453	35948	1
1589	451	35948	1
1590	451	35948	1
1591	449	35948	1
1592	449	35948	1
1593	446	35948	1
1594	446	35948	1
1595	445	35948	1
1596	441	35948	1
1597	440	35948	1
1598	438	35948	1
1599	438	35948	1
1600	437	35948	1
1601	437	35948	1
1602	436	35948	1
1603	436	35948	1
1604	436	35948	1
1605	435	35948	1
1606	435	35948	1
1607	434	35948	1
1608	434	35948	1
1609	433	35948	1
1610	433	35948	1
1611	433	35948	1
1612	432	35948	1
1613	431	35948	1
1614	431	35948	1
1615	430	35948	1
1616	425	35948	1
1617	423	35948	1
1618	419	35948	1
1619	418	35948	1
1620	418	35948	1
1621	417	35948	1
1622	415	35948	1
1623	413	35948	1
1624	413	35948	1
1625	411	35948	1
1626	410	35948	1
1627	409	35948	1
1628	409	35948	1
1629	408	35948	1
1630	407	35948	1
1631	407	35948	1
1632	406	35948	1
1633	406	35948	1
1634	404	35948	1
1635	404	35948	1
1636	404	35948	1
1637	403	35948	1
1638	402	35948	1
1639	402	35948	1
1640	402	35948	1
1641	402	35948	1
1642	402	35948	1
1643	401	35948	1
1644	400	35948	1
1645	400	35948	1
1646	400	35948	1
1647	397	35948	1
1648	397	35948	1
1649	394	35948	1
1650	393	35948	1
1651	392	35948	1
1652	392	35948	1
1653	391	35948	1
1654	391	35948	1
1655	390	35948	1
1656	389	35948	1
1657	385	35948	1
1658	382	35948	1
1659	380	35948	1
1660	380	35948	1
1661	380	35948	1
1662	379	35948	1
1663	377	35948	1
1664	375	35948	1
1665	374	35948	1
1666	373	35948	1
1667	371	35948	1
1668	370	35948	1
1669	370	35948	1
1670	369	35948	1
1671	369	35948	1
1672	368	35948	1
1673	367	35948	1
1674	367	35948	1
1675	366	35948	1
1676	366	35948	1
1677	365	35948	1
1678	364	35948	1
1679	364	35948	1
1680	364	35948	1
1681	363	35948	1
1682	362	35948	1
1683	362	35948	1
1684	362	35948	1
1685	361	35948	1
1686	359	35948	1
1687	359	35948	1
1688	358	35948	1
1689	358	35948	1
1690	356	35948	1
1691	356	35948	1
1692	355	35948	1
1693	355	35948	1
1694	354	35948	1
1695	353	35948	1
1696	353	35948	1
1697	353	35948	1
1698	352	35948	1
1699	352	35948	1
1700	350	35948	1
1701	349	35948	1
1702	349	35948	1
1703	348	35948	1
1704	348	35948	1
1705	347	35948	1
1706	346	35948	1
1707	343	35948	1
1708	343	35948	1
1709	343	35948	1
1710	343	35948	1
1711	342	35948	1
1712	341	35948	1
1713	341	35948	1
1714	341	35948	1
1715	339	35948	1
1716	339	35948	1
1717	338	35948	1
1718	338	35948	1
1719	338	35948	1
1720	337	35948	1
1721	334	35948	1
1722	334	35948	1
1723	331	35948	1
1724	331	35948	1
1725	331	35948	1
1726	330	35948	1
1727	330	35948	1
1728	328	35948	1
1729	327	35948	1
1730	327	35948	1
1731	327	35948	1
1732	326	35948	1
1733	325	35948	1
1734	325	35948	1
1735	325	35948	1
1736	324	35948	1
1737	322	35948	1
1738	322	35948	1
1739	319	35948	1
1740	318	35948	1
1741	318	35948	1
1742	317	35948	1
1743	316	35948	1
1744	315	35948	1
1745	313	35948	1
1746	313	35948	1
1747	312	35948	1
1748	310	35948	1
1749	310	35948	1
1750	310	35948	1
1751	310	35948	1
1752	310	35948	1
1753	309	35948	1
1754	308	35948	1
1755	306	35948	1
1756	306	35948	1
1757	306	35948	1
1758	303	35948	1
1759	302	35948	1
1760	301	35948	1
1761	299	35948	1
1762	298	35948	1
1763	297	35948	1
1764	296	35948	1
1765	296	35948	1
1766	296	35948	1
1767	295	35948	1
1768	295	35948	1
1769	295	35948	1
1770	295	35948	1
1771	294	35948	1
1772	293	35948	1
1773	293	35948	1
1774	293	35948	1
1775	293	35948	1
1776	292	35948	1
1777	291	35948	1
1778	289	35948	1
1779	289	35948	1
1780	288	35948	1
1781	288	35948	1
1782	288	35948	1
1783	286	35948	1
1784	285	35948	1
1785	285	35948	1
1786	283	35948	1
1787	283	35948	1
1788	283	35948	1
1789	282	35948	1
1790	282	35948	1
1791	282	35948	1
1792	281	35948	1
1793	281	35948	1
1794	281	35948	1
1795	280	35948	1
1796	277	35948	1
1797	275	35948	1
1798	274	35948	1
1799	274	35948	1
1800	272	35948	1
1801	271	35948	1
1802	270	35948	1
1803	270	35948	1
1804	270	35948	1
1805	269	35948	1
1806	268	35948	1
1807	267	35948	1
1808	264	35948	1
1809	263	35948	1
1810	261	35948	1
1811	261	35948	1
1812	260	35948	1
1813	258	35948	1
1814	258	35948	1
1815	257	35948	1
1816	255	35948	1
1817	255	35948	1
1818	254	35948	1
1819	254	35948	1
1820	253	35948	1
1821	252	35948	1
1822	252	35948	1
1823	252	35948	1
1824	250	35948	1
1825	250	35948	1
1826	249	35948	1
1827	248	35948	1
1828	248	35948	1
1829	248	35948	1
1830	248	35948	1
1831	247	35948	1
1832	246	35948	1
1833	246	35948	1
1834	245	35948	1
1835	245	35948	1
1836	245	35948	1
1837	245	35948	1
1838	243	35948	1
1839	242	35948	1
1840	241	35948	1
1841	238	35948	1
1842	238	35948	1
1843	237	35948	1
1844	236	35948	1
1845	235	35948	1
1846	234	35948	1
1847	234	35948	1
1848	233	35948	1
1849	233	35948	1
1850	233	35948	1
1851	233	35948	1
1852	233	35948	1
1853	232	35948	1
1854	231	35948	1
1855	230	35948	1
1856	230	35948	1
1857	229	35948	1
1858	229	35948	1
1859	228	35948	1
1860	227	35948	1
1861	227	35948	1
1862	227	35948	1
1863	226	35948	1
1864	226	35948	1
1865	226	35948	1
1866	226	35948	1
1867	226	35948	1
1868	225	35948	1
1869	224	35948	1
1870	224	35948	1
1871	224	35948	1
1872	222	35948	1
1873	222	35948	1
1874	219	35948	1
1875	218	35948	1
1876	217	35948	1
1877	217	35948	1
1878	216	35948	1
1879	216	35948	1
1880	215	35948	1
1881	214	35948	1
1882	213	35948	1
1883	213	35948	1
1884	213	35948	1
1885	211	35948	1
1886	211	35948	1
1887	210	35948	1
1888	209	35948	1
1889	208	35948	1
1890	207	35948	1
1891	206	35948	1
1892	206	35948	1
1893	205	35948	1
1894	205	35948	1
1895	204	35948	1
1896	204	35948	1
1897	204	35948	1
1898	203	35948	1
1899	203	35948	1
1900	203	35948	1
1901	202	35948	1
1902	201	35948	1
1903	201	35948	1
1904	199	35948	1
1905	199	35948	1
1906	199	35948	1
1907	197	35948	1
1908	197	35948	1
1909	196	35948	1
1910	196	35948	1
1911	196	35948	1
1912	195	35948	1
1913	193	35948	1
1914	193	35948	1
1915	192	35948	1
1916	189	35948	1
1917	189	35948	1
1918	187	35948	1
1919	187	35948	1
1920	186	35948	1
1921	186	35948	1
1922	186	35948	1
1923	186	35948	1
1924	186	35948	1
1925	186	35948	1
1926	185	35948	1
1927	184	35948	1
1928	184	35948	1
1929	184	35948	1
1930	182	35948	1
1931	182	35948	1
1932	182	35948	1
1933	182	35948	1
1934	182	35948	1
1935	181	35948	1
1936	181	35948	1
1937	180	35948	1
1938	180	35948	1
1939	180	35948	1
1940	180	35948	1
1941	180	35948	1
1942	179	35948	1
1943	179	35948	1
1944	178	35948	1
1945	178	35948	1
1946	178	35948	1
1947	176	35948	1
1948	175	35948	1
1949	175	35948	1
1950	175	35948	1
1951	174	35948	1
1952	173	35948	1
1953	172	35948	1
1954	172	35948	1
1955	171	35948	1
1956	171	35948	1
1957	170	35948	1
1958	169	35948	1
1959	168	35948	1
1960	167	35948	1
1961	167	35948	1
1962	167	35948	1
1963	166	35948	1
1964	166	35948	1
1965	166	35948	1
1966	165	35948	1
1967	164	35948	1
1968	163	35948	1
1969	161	35948	1
1970	161	35948	1
1971	159	35948	1
1972	159	35948	1
1973	159	35948	1
1974	159	35948	1
1975	159	35948	1
1976	158	35948	1
1977	158	35948	1
1978	158	35948	1
1979	157	35948	1
1980	157	35948	1
1981	157	35948	1
1982	156	35948	1
1983	155	35948	1
1984	155	35948	1
1985	155	35948	1
1986	155	35948	1
1987	155	35948	1
1988	154	35948	1
1989	154	35948	1
1990	154	35948	1
1991	154	35948	1
1992	153	35948	1
1993	153	35948	1
1994	153	35948	1
1995	152	35948	1
1996	152	35948	1
1997	152	35948	1
1998	152	35948	1
1999	151	35948	1
2000	151	35948	1
2001	151	35948	1
2002	150	35948	1
2003	149	35948	1
2004	149	35948	1
2005	147	35948	1
2006	147	35948	1
2007	147	35948	1
2008	147	35948	1
2009	147	35948	1
2010	146	35948	1
2011	146	35948	1
2012	146	35948	1
2013	145	35948	1
2014	145	35948	1
2015	145	35948	1
2016	145	35948	1
2017	145	35948	1
2018	144	35948	1
2019	144	35948	1
2020	144	35948	1
2021	144	35948	1
2022	144	35948	1
2023	143	35948	1
2024	142	35948	1
2025	142	35948	1
2026	141	35948	1
2027	141	35948	1
2028	140	35948	1
2029	140	35948	1
2030	139	35948	1
2031	139	35948	1
2032	138	35948	1
2033	138	35948	1
2034	137	35948	1
2035	137	35948	1
2036	136	35948	1
2037	136	35948	1
2038	136	35948	1
2039	133	35948	1
2040	133	35948	1
2041	133	35948	1
2042	132	35948	1
2043	132	35948	1
2044	131	35948	1
2045	131	35948	1
2046	131	35948	1
2047	131	35948	1
2048	131	35948	1
2049	130	35948	1
2050	130	35948	1
2051	130	35948	1
2052	129	35948	1
2053	129	35948	1
2054	129	35948	1
2055	128	35948	1
2056	128	35948	1
2057	128	35948	1
2058	127	35948	1
2059	127	35948	1
2060	127	35948	1
2061	127	35948	1
2062	126	35948	1
2063	126	35948	1
2064	125	35948	1
2065	125	35948	1
2066	124	35948	1
2067	124	35948	1
2068	122	35948	1
2069	122	35948	1
2070	120	35948	1
2071	120	35948	1
2072	120	35948	1
2073	119	35948	1
2074	119	35948	1
2075	118	35948	1
2076	118	35948	1
2077	117	35948	1
2078	117	35948	1
2079	116	35948	1
2080	116	35948	1
2081	115	35948	1
2082	114	35948	1
2083	114	35948	1
2084	114	35948	1
2085	114	35948	1
2086	114	35948	1
2087	113	35948	1
2088	112	35948	1
2089	112	35948	1
2090	112	35948	1
2091	112	35948	1
2092	112	35948	1
2093	111	35948	1
2094	111	35948	1
2095	110	35948	1
2096	110	35948	1
2097	110	35948	1
2098	110	35948	1
2099	109	35948	1
2100	108	35948	1
2101	108	35948	1
2102	108	35948	1
2103	107	35948	1
2104	107	35948	1
2105	107	35948	1
2106	107	35948	1
2107	107	35948	1
2108	107	35948	1
2109	106	35948	1
2110	106	35948	1
2111	106	35948	1
2112	106	35948	1
2113	106	35948	1
2114	106	35948	1
2115	105	35948	1
2116	105	35948	1
2117	104	35948	1
2118	104	35948	1
2119	103	35948	1
2120	102	35948	1
2121	102	35948	1
2122	102	35948	1
2123	102	35948	1
2124	101	35948	1
2125	101	35948	1
2126	101	35948	1
2127	101	35948	1
2128	101	35948	1
2129	100	35948	1
2130	100	35948	1
2131	100	35948	1
2132	100	35948	1
2133	100	35948	1
2134	99	35948	1
2135	98	35948	1
2136	98	35948	1
2137	98	35948	1
2138	98	35948	1
2139	98	35948	1
2140	98	35948	1
2141	97	35948	1
2142	97	35948	1
2143	97	35948	1
2144	96	35948	1
2145	96	35948	1
2146	95	35948	1
2147	95	35948	1
2148	95	35948	1
2149	95	35948	1
2150	95	35948	1
2151	95	35948	1
2152	95	35948	1
2153	95	35948	1
2154	94	35948	1
2155	94	35948	1
2156	94	35948	1
2157	94	35948	1
2158	93	35948	1
2159	93	35948	1
2160	93	35948	1
2161	92	35948	1
2162	92	35948	1
2163	92	35948	1
2164	91	35948	1
2165	91	35948	1
2166	91	35948	1
2167	90	35948	1
2168	90	35948	1
2169	90	35948	1
2170	90	35948	1
2171	90	35948	1
2172	89	35948	1
2173	89	35948	1
2174	89	35948	1
2175	89	35948	1
2176	88	35948	1
2177	88	35948	1
2178	88	35948	1
2179	88	35948	1
2180	88	35948	1
2181	87	35948	1
2182	87	35948	1
2183	87	35948	1
2184	87	35948	1
2185	86	35948	1
2186	86	35948	1
2187	86	35948	1
2188	85	35948	1
2189	85	35948	1
2190	85	35948	1
2191	85	35948	1
2192	85	35948	1
2193	84	35948	1
2194	84	35948	1
2195	84	35948	1
2196	84	35948	1
2197	84	35948	1
2198	84	35948	1
2199	83	35948	1
2200	83	35948	1
2201	83	35948	1
2202	82	35948	1
2203	82	35948	1
2204	82	35948	1
2205	82	35948	1
2206	81	35948	1
2207	81	35948	1
2208	81	35948	1
2209	81	35948	1
2210	80	35948	1
2211	80	35948	1
2212	80	35948	1
2213	80	35948	1
2214	80	35948	1
2215	79	35948	1
2216	79	35948	1
2217	79	35948	1
2218	78	35948	1
2219	78	35948	1
2220	78	35948	1
2221	78	35948	1
2222	77	35948	1
2223	77	35948	1
2224	77	35948	1
2225	76	35948	1
2226	76	35948	1
2227	76	35948	1
2228	75	35948	1
2229	75	35948	1
2230	75	35948	1
2231	75	35948	1
2232	74	35948	1
2233	74	35948	1
2234	74	35948	1
2235	74	35948	1
2236	74	35948	1
2237	74	35948	1
2238	73	35948	1
2239	73	35948	1
2240	72	35948	1
2241	72	35948	1
2242	72	35948	1
2243	71	35948	1
2244	71	35948	1
2245	71	35948	1
2246	71	35948	1
2247	71	35948	1
2248	71	35948	1
2249	70	35948	1
2250	70	35948	1
2251	70	35948	1
2252	70	35948	1
2253	70	35948	1
2254	70	35948	1
2255	69	35948	1
2256	69	35948	1
2257	68	35948	1
2258	68	35948	1
2259	68	35948	1
2260	68	35948	1
2261	67	35948	1
2262	67	35948	1
2263	67	35948	1
2264	67	35948	1
2265	67	35948	1
2266	66	35948	1
2267	66	35948	1
2268	66	35948	1
2269	65	35948	1
2270	65	35948	1
2271	65	35948	1
2272	65	35948	1
2273	64	35948	1
2274	64	35948	1
2275	64	35948	1
2276	63	35948	1
2277	63	35948	1
2278	63	35948	1
2279	62	35948	1
2280	62	35948	1
2281	62	35948	1
2282	62	35948	1
2283	61	35948	1
2284	61	35948	1
2285	61	35948	1
2286	61	35948	1
2287	61	35948	1
2288	61	35948	1
2289	61	35948	1
2290	61	35948	1
2291	61	35948	1
2292	60	35948	1
2293	60	35948	1
2294	60	35948	1
2295	59	35948	1
2296	59	35948	1
2297	59	35948	1
2298	59	35948	1
2299	58	35948	1
2300	58	35948	1
2301	58	35948	1
2302	58	35948	1
2303	58	35948	1
2304	58	35948	1
2305	57	35948	1
2306	57	35948	1
2307	56	35948	1
2308	56	35948	1
2309	56	35948	1
2310	56	35948	1
2311	56	35948	1
2312	56	35948	1
2313	56	35948	1
2314	56	35948	1
2315	55	35948	1
2316	55	35948	1
2317	55	35948	1
2318	55	35948	1
2319	55	35948	1
2320	55	35948	1
2321	55	35948	1
2322	55	35948	1
2323	55	35948	1
2324	55	35948	1
2325	55	35948	1
2326	54	35948	1
2327	54	35948	1
2328	54	35948	1
2329	54	35948	1
2330	54	35948	1
2331	54	35948	1
2332	54	35948	1
2333	54	35948	1
2334	53	35948	1
2335	53	35948	1
2336	53	35948	1
2337	53	35948	1
2338	53	35948	1
2339	53	35948	1
2340	52	35948	1
2341	52	35948	1
2342	52	35948	1
2343	52	35948	1
2344	52	35948	1
2345	52	35948	1
2346	51	35948	1
2347	51	35948	1
2348	51	35948	1
2349	51	35948	1
2350	50	35948	1
2351	50	35948	1
2352	50	35948	1
2353	50	35948	1
2354	49	35948	1
2355	49	35948	1
2356	49	35948	1
2357	49	35948	1
2358	49	35948	1
2359	48	35948	1
2360	48	35948	1
2361	47	35948	1
2362	46	35948	1
2363	46	35948	1
2364	46	35948	1
2365	46	35948	1
2366	46	35948	1
2367	46	35948	1
2368	45	35948	1
2369	45	35948	1
2370	45	35948	1
2371	45	35948	1
2372	44	35948	1
2373	44	35948	1
2374	44	35948	1
2375	44	35948	1
2376	44	35948	1
2377	44	35948	1
2378	44	35948	1
2379	44	35948	1
2380	44	35948	1
2381	44	35948	1
2382	43	35948	1
2383	43	35948	1
2384	43	35948	1
2385	43	35948	1
2386	42	35948	1
2387	42	35948	1
2388	42	35948	1
2389	42	35948	1
2390	42	35948	1
2391	41	35948	1
2392	41	35948	1
2393	41	35948	1
2394	41	35948	1
2395	40	35948	1
2396	40	35948	1
2397	40	35948	1
2398	40	35948	1
2399	40	35948	1
2400	40	35948	1
2401	39	35948	1
2402	39	35948	1
2403	39	35948	1
2404	39	35948	1
2405	39	35948	1
2406	38	35948	1
2407	38	35948	1
2408	38	35948	1
2409	38	35948	1
2410	38	35948	1
2411	38	35948	1
2412	37	35948	1
2413	37	35948	1
2414	37	35948	1
2415	37	35948	1
2416	37	35948	1
2417	36	35948	1
2418	36	35948	1
2419	36	35948	1
2420	36	35948	1
2421	36	35948	1
2422	36	35948	1
2423	36	35948	1
2424	35	35948	1
2425	35	35948	1
2426	35	35948	1
2427	35	35948	1
2428	35	35948	1
2429	35	35948	1
2430	35	35948	1
2431	35	35948	1
2432	34	35948	1
2433	34	35948	1
2434	34	35948	1
2435	34	35948	1
2436	34	35948	1
2437	34	35948	1
2438	33	35948	1
2439	33	35948	1
2440	33	35948	1
2441	33	35948	1
2442	33	35948	1
2443	33	35948	1
2444	33	35948	1
2445	32	35948	1
2446	32	35948	1
2447	32	35948	1
2448	32	35948	1
2449	31	35948	1
2450	31	35948	1
2451	31	35948	1
2452	31	35948	1
2453	31	35948	1
2454	31	35948	1
2455	31	35948	1
2456	31	35948	1
2457	31	35948	1
2458	31	35948	1
2459	30	35948	1
2460	30	35948	1
2461	30	35948	1
2462	29	35948	1
2463	29	35948	1
2464	29	35948	1
2465	29	35948	1
2466	29	35948	1
2467	29	35948	1
2468	29	35948	1
2469	29	35948	1
2470	29	35948	1
2471	29	35948	1
2472	29	35948	1
2473	28	35948	1
2474	28	35948	1
2475	28	35948	1
2476	28	35948	1
2477	28	35948	1
2478	28	35948	1
2479	27	35948	1
2480	27	35948	1
2481	27	35948	1
2482	27	35948	1
2483	27	35948	1
2484	27	35948	1
2485	27	35948	1
2486	27	35948	1
2487	26	35948	1
2488	26	35948	1
2489	26	35948	1
2490	26	35948	1
2491	25	35948	1
2492	25	35948	1
2493	25	35948	1
2494	25	35948	1
2495	25	35948	1
2496	24	35948	1
2497	24	35948	1
2498	24	35948	1
2499	24	35948	1
2500	24	35948	1
2501	24	35948	1
2502	23	35948	1
2503	23	35948	1
2504	23	35948	1
2505	23	35948	1
2506	22	35948	1
2507	22	35948	1
2508	22	35948	1
2509	22	35948	1
2510	22	35948	1
2511	22	35948	1
2512	21	35948	1
2513	21	35948	1
2514	21	35948	1
2515	21	35948	1
2516	21	35948	1
2517	21	35948	1
2518	21	35948	1
2519	21	35948	1
2520	20	35948	1
2521	20	35948	1
2522	20	35948	1
2523	20	35948	1
2524	20	35948	1
2525	19	35948	1
2526	19	35948	1
2527	19	35948	1
2528	19	35948	1
2529	19	35948	1
2530	19	35948	1
2531	19	35948	1
2532	19	35948	1
2533	19	35948	1
2534	19	35948	1
2535	19	35948	1
2536	19	35948	1
2537	19	35948	1
2538	19	35948	1
2539	19	35948	1
2540	18	35948	1
2541	18	35948	1
2542	18	35948	1
2543	17	35948	1
2544	17	35948	1
2545	17	35948	1
2546	17	35948	1
2547	17	35948	1
2548	17	35948	1
2549	17	35948	1
2550	17	35948	1
2551	16	35948	1
2552	16	35948	1
2553	16	35948	1
2554	15	35948	1
2555	15	35948	1
2556	15	35948	1
2557	15	35948	1
2558	15	35948	1
2559	13	35948	1
2560	13	35948	1
2561	12	35948	1
2562	7	35948	1
2563	7	35948	1
2564	4	35948	1
2565	4	35948	1
