order	fre	frePool	ratio
1	64084	64084	0.8833202387352
2	63034	66493	0.916525382844698
3	62700	67354	0.928393223890061
4	62293	67749	0.933837819956168
5	62235	68002	0.937325118195978
6	62110	68305	0.941501605811245
7	62056	68881	0.949441067416505
8	61931	68998	0.951053770555073
9	61930	69080	0.952184041130822
10	61872	69509	0.958097285972239
11	61676	69620	0.959627286385753
12	61641	69699	0.960716205598975
13	61606	69744	0.961336476036885
14	61393	69821	0.962397827675089
15	61383	69856	0.962880260237908
16	61352	69902	0.963514314463328
17	61318	69942	0.964065665963693
18	61310	69967	0.964410260651422
19	61224	69973	0.964492963376477
20	61050	70002	0.964892693214241
21	60997	70013	0.965044314876842
22	60996	70035	0.965347558202043
23	60963	70131	0.966670801802919
24	60946	70156	0.967015396490648
25	60929	70208	0.967732153441123
26	60921	70235	0.968104315703869
27	60911	70350	0.969689451267419
28	60887	70351	0.969703235054928
29	60842	70351	0.969703235054928
30	60750	70358	0.969799721567492
31	60740	70364	0.969882424292547
32	60736	70394	0.970295937917821
33	60708	70435	0.970861073205695
34	60614	70457	0.971164316530896
35	60594	70467	0.971302154405988
36	60548	70477	0.971439992281079
37	60521	70481	0.971495127431116
38	60504	70503	0.971798370756316
39	60455	70541	0.972322154681663
40	60378	70560	0.972584046644337
41	60339	70567	0.972680533156901
42	60325	70567	0.972680533156901
43	60305	70567	0.972680533156901
44	60297	70567	0.972680533156901
45	60224	70599	0.973121614357193
46	60210	70603	0.97317674950723
47	60131	70634	0.973604046920013
48	60104	70635	0.973617830707522
49	60101	70644	0.973741884795104
50	60075	70652	0.973852155095177
51	60071	70679	0.974224317357924
52	60055	70697	0.974472425533088
53	60045	70707	0.974610263408179
54	60032	70715	0.974720533708252
55	60025	70715	0.974720533708252
56	59934	70732	0.974954858095908
57	59924	70732	0.974954858095908
58	59859	70740	0.975065128395981
59	59823	70741	0.97507891218349
60	59814	70741	0.97507891218349
61	59808	70741	0.97507891218349
62	59792	70745	0.975134047333526
63	59766	70747	0.975161614908545
64	59591	70753	0.975244317633599
65	59582	70758	0.975313236571145
66	59552	70758	0.975313236571145
67	59478	70758	0.975313236571145
68	59474	70760	0.975340804146163
69	59422	70767	0.975437290658727
70	59381	70783	0.975657831258873
71	59357	70786	0.975699182621401
72	59353	70790	0.975754317771437
73	59340	70797	0.975850804284001
74	59338	70801	0.975905939434038
75	59305	70836	0.976388371996857
76	59211	70852	0.976608912597003
77	59187	70852	0.976608912597003
78	59095	70857	0.976677831534549
79	59058	70857	0.976677831534549
80	58920	70862	0.976746750472095
81	58826	70862	0.976746750472095
82	58689	70862	0.976746750472095
83	58647	70869	0.976843236984659
84	58636	70875	0.976925939709713
85	58625	70875	0.976925939709713
86	58589	70878	0.976967291072241
87	58584	70883	0.977036210009786
88	58566	70883	0.977036210009786
89	58506	70883	0.977036210009786
90	58490	70895	0.977201615459896
91	58248	70895	0.977201615459896
92	58156	70895	0.977201615459896
93	58069	70895	0.977201615459896
94	58065	70895	0.977201615459896
95	58037	70906	0.977353237122497
96	57958	70906	0.977353237122497
97	57869	70907	0.977367020910006
98	57786	70907	0.977367020910006
99	57702	70907	0.977367020910006
100	57497	70908	0.977380804697515
101	57449	70909	0.977394588485024
102	57430	70909	0.977394588485024
103	57207	70962	0.978125129223008
104	56908	70962	0.978125129223008
105	56899	70962	0.978125129223008
106	56890	70962	0.978125129223008
107	56876	70965	0.978166480585535
108	56858	70965	0.978166480585535
109	56791	71037	0.979158913286193
110	56743	71037	0.979158913286193
111	56642	71037	0.979158913286193
112	56352	71039	0.979186480861211
113	56336	71039	0.979186480861211
114	56236	71039	0.979186480861211
115	56224	71039	0.979186480861211
116	56124	71050	0.979338102523811
117	56074	71056	0.979420805248866
118	55905	71061	0.979489724186412
119	55904	71061	0.979489724186412
120	55726	71064	0.979531075548939
121	55662	71064	0.979531075548939
122	55530	71085	0.979820535086631
123	55493	71085	0.979820535086631
124	55416	71085	0.979820535086631
125	55361	71085	0.979820535086631
126	55280	71085	0.979820535086631
127	55220	71106	0.980109994624323
128	55173	71106	0.980109994624323
129	55147	71106	0.980109994624323
130	54988	71106	0.980109994624323
131	54958	71106	0.980109994624323
132	54896	71106	0.980109994624323
133	54863	71120	0.980302967649451
134	54805	71120	0.980302967649451
135	54805	71120	0.980302967649451
136	54785	71120	0.980302967649451
137	54753	71120	0.980302967649451
138	54718	71123	0.980344319011978
139	54547	71123	0.980344319011978
140	54502	71123	0.980344319011978
141	54433	71126	0.980385670374506
142	54393	71126	0.980385670374506
143	54362	71163	0.980895670512343
144	54318	71163	0.980895670512343
145	54272	71163	0.980895670512343
146	54237	71163	0.980895670512343
147	54138	71163	0.980895670512343
148	54129	71166	0.980937021874871
149	54064	71170	0.980992157024907
150	54038	71177	0.981088643537471
151	53813	71177	0.981088643537471
152	53696	71177	0.981088643537471
153	53619	71177	0.981088643537471
154	53610	71177	0.981088643537471
155	53597	71177	0.981088643537471
156	53398	71177	0.981088643537471
157	53216	71177	0.981088643537471
158	53187	71177	0.981088643537471
159	53126	71177	0.981088643537471
160	53091	71177	0.981088643537471
161	53091	71177	0.981088643537471
162	52997	71178	0.98110242732498
163	52944	71178	0.98110242732498
164	52849	71178	0.98110242732498
165	52778	71178	0.98110242732498
166	52706	71178	0.98110242732498
167	52585	71178	0.98110242732498
168	52530	71178	0.98110242732498
169	52506	71178	0.98110242732498
170	52432	71178	0.98110242732498
171	52390	71178	0.98110242732498
172	52331	71178	0.98110242732498
173	52300	71178	0.98110242732498
174	52299	71178	0.98110242732498
175	52155	71178	0.98110242732498
176	52081	71178	0.98110242732498
177	52049	71178	0.98110242732498
178	51950	71179	0.981116211112489
179	51866	71179	0.981116211112489
180	51854	71179	0.981116211112489
181	51766	71179	0.981116211112489
182	51681	71179	0.981116211112489
183	51585	71179	0.981116211112489
184	51341	71179	0.981116211112489
185	51261	71182	0.981157562475017
186	51254	71196	0.981350535500145
187	51092	71204	0.981460805800218
188	51087	71204	0.981460805800218
189	51013	71204	0.981460805800218
190	51010	71229	0.981805400487946
191	50921	71238	0.981929454575528
192	50578	71238	0.981929454575528
193	50546	71238	0.981929454575528
194	50389	71243	0.981998373513074
195	50375	71243	0.981998373513074
196	50370	71243	0.981998373513074
197	50366	71244	0.982012157300583
198	50328	71244	0.982012157300583
199	50269	71244	0.982012157300583
200	50247	71244	0.982012157300583
201	50180	71244	0.982012157300583
202	50171	71244	0.982012157300583
203	50106	71245	0.982025941088092
204	50088	71245	0.982025941088092
205	50062	71245	0.982025941088092
206	49898	71245	0.982025941088092
207	49845	71247	0.98205350866311
208	49826	71247	0.98205350866311
209	49812	71247	0.98205350866311
210	49798	71247	0.98205350866311
211	49726	71248	0.98206729245062
212	49704	71248	0.98206729245062
213	49696	71248	0.98206729245062
214	49693	71248	0.98206729245062
215	49652	71248	0.98206729245062
216	49628	71248	0.98206729245062
217	49442	71248	0.98206729245062
218	49441	71256	0.982177562750693
219	49360	71256	0.982177562750693
220	49308	71256	0.982177562750693
221	49255	71256	0.982177562750693
222	49231	71256	0.982177562750693
223	49213	71259	0.98221891411322
224	49140	71259	0.98221891411322
225	49086	71259	0.98221891411322
226	48970	71259	0.98221891411322
227	48934	71259	0.98221891411322
228	48933	71272	0.982398103350839
229	48918	71272	0.982398103350839
230	48804	71272	0.982398103350839
231	48801	71272	0.982398103350839
232	48782	71272	0.982398103350839
233	48743	71272	0.982398103350839
234	48639	71601	0.986932969441343
235	48582	71601	0.986932969441343
236	48577	71601	0.986932969441343
237	48547	71601	0.986932969441343
238	48547	71601	0.986932969441343
239	48541	71601	0.986932969441343
240	48485	71601	0.986932969441343
241	48482	71601	0.986932969441343
242	48452	71601	0.986932969441343
243	48403	71601	0.986932969441343
244	48370	71601	0.986932969441343
245	48165	71601	0.986932969441343
246	48163	71601	0.986932969441343
247	48152	71601	0.986932969441343
248	48084	71601	0.986932969441343
249	47983	71601	0.986932969441343
250	47977	71601	0.986932969441343
251	47926	71601	0.986932969441343
252	47912	71601	0.986932969441343
253	47812	71601	0.986932969441343
254	47705	71601	0.986932969441343
255	47698	71601	0.986932969441343
256	47666	71601	0.986932969441343
257	47666	71601	0.986932969441343
258	47633	71601	0.986932969441343
259	47590	71602	0.986946753228852
260	47512	71602	0.986946753228852
261	47494	71602	0.986946753228852
262	47487	71602	0.986946753228852
263	47448	71628	0.98730513170409
264	47422	71628	0.98730513170409
265	47410	71638	0.987442969579181
266	47388	71638	0.987442969579181
267	47325	71638	0.987442969579181
268	47134	71638	0.987442969579181
269	47075	71638	0.987442969579181
270	47023	71638	0.987442969579181
271	46984	71638	0.987442969579181
272	46967	71638	0.987442969579181
273	46946	71638	0.987442969579181
274	46939	71638	0.987442969579181
275	46917	71638	0.987442969579181
276	46913	71639	0.98745675336669
277	46870	71639	0.98745675336669
278	46834	71639	0.98745675336669
279	46789	71650	0.987608375029291
280	46772	71650	0.987608375029291
281	46768	71650	0.987608375029291
282	46754	71650	0.987608375029291
283	46745	71650	0.987608375029291
284	46736	71652	0.987635942604309
285	46691	71652	0.987635942604309
286	46552	71652	0.987635942604309
287	46544	71658	0.987718645329364
288	46528	71658	0.987718645329364
289	46471	71658	0.987718645329364
290	46362	71658	0.987718645329364
291	46359	71658	0.987718645329364
292	46349	71658	0.987718645329364
293	46276	71658	0.987718645329364
294	46162	71658	0.987718645329364
295	46158	71658	0.987718645329364
296	46103	71663	0.987787564266909
297	46036	71663	0.987787564266909
298	46020	71663	0.987787564266909
299	45973	71663	0.987787564266909
300	45890	71663	0.987787564266909
301	45855	71663	0.987787564266909
302	45765	71663	0.987787564266909
303	45763	71663	0.987787564266909
304	45758	71663	0.987787564266909
305	45722	71664	0.987801348054418
306	45712	71664	0.987801348054418
307	45693	71664	0.987801348054418
308	45693	71664	0.987801348054418
309	45688	71664	0.987801348054418
310	45646	71667	0.987842699416946
311	45627	71667	0.987842699416946
312	45506	71667	0.987842699416946
313	45503	71667	0.987842699416946
314	45478	71667	0.987842699416946
315	45476	71667	0.987842699416946
316	45468	71667	0.987842699416946
317	45435	71667	0.987842699416946
318	45431	71667	0.987842699416946
319	45338	71667	0.987842699416946
320	45296	71675	0.987952969717019
321	45195	71686	0.988104591379619
322	45179	71686	0.988104591379619
323	45164	71686	0.988104591379619
324	45104	71686	0.988104591379619
325	45103	71686	0.988104591379619
326	45091	71686	0.988104591379619
327	45071	71686	0.988104591379619
328	45017	71697	0.98825621304222
329	44987	71697	0.98825621304222
330	44977	71697	0.98825621304222
331	44971	71697	0.98825621304222
332	44959	71697	0.98825621304222
333	44916	71697	0.98825621304222
334	44907	71697	0.98825621304222
335	44902	71697	0.98825621304222
336	44851	71697	0.98825621304222
337	44826	71697	0.98825621304222
338	44745	71697	0.98825621304222
339	44702	71697	0.98825621304222
340	44655	71697	0.98825621304222
341	44647	71701	0.988311348192256
342	44592	71702	0.988325131979765
343	44588	71702	0.988325131979765
344	44576	71702	0.988325131979765
345	44559	71702	0.988325131979765
346	44514	71706	0.988380267129802
347	44508	72018	0.992680808832651
348	44507	72018	0.992680808832651
349	44495	72033	0.992887565645288
350	44460	72033	0.992887565645288
351	44452	72033	0.992887565645288
352	44441	72033	0.992887565645288
353	44417	72033	0.992887565645288
354	44369	72033	0.992887565645288
355	44368	72033	0.992887565645288
356	44355	72033	0.992887565645288
357	44349	72033	0.992887565645288
358	44346	72033	0.992887565645288
359	44346	72033	0.992887565645288
360	44341	72033	0.992887565645288
361	44339	72034	0.992901349432797
362	44334	72034	0.992901349432797
363	44331	72034	0.992901349432797
364	44325	72034	0.992901349432797
365	44288	72040	0.992984052157852
366	44169	72040	0.992984052157852
367	44049	72040	0.992984052157852
368	44042	72040	0.992984052157852
369	44031	72040	0.992984052157852
370	44015	72040	0.992984052157852
371	43986	72040	0.992984052157852
372	43968	72040	0.992984052157852
373	43930	72040	0.992984052157852
374	43912	72040	0.992984052157852
375	43904	72040	0.992984052157852
376	43757	72040	0.992984052157852
377	43729	72040	0.992984052157852
378	43716	72040	0.992984052157852
379	43685	72043	0.993025403520379
380	43670	72043	0.993025403520379
381	43639	72043	0.993025403520379
382	43634	72043	0.993025403520379
383	43625	72043	0.993025403520379
384	43608	72043	0.993025403520379
385	43598	72043	0.993025403520379
386	43591	72043	0.993025403520379
387	43546	72043	0.993025403520379
388	43523	72043	0.993025403520379
389	43462	72043	0.993025403520379
390	43454	72043	0.993025403520379
391	43446	72043	0.993025403520379
392	43410	72127	0.994183241671146
393	43401	72127	0.994183241671146
394	43400	72127	0.994183241671146
395	43352	72127	0.994183241671146
396	43339	72127	0.994183241671146
397	43333	72127	0.994183241671146
398	43323	72127	0.994183241671146
399	43322	72127	0.994183241671146
400	43320	72127	0.994183241671146
401	43261	72127	0.994183241671146
402	43260	72127	0.994183241671146
403	43255	72127	0.994183241671146
404	43230	72127	0.994183241671146
405	43197	72127	0.994183241671146
406	43185	72127	0.994183241671146
407	43160	72127	0.994183241671146
408	43121	72127	0.994183241671146
409	43085	72127	0.994183241671146
410	43030	72127	0.994183241671146
411	43009	72127	0.994183241671146
412	43000	72127	0.994183241671146
413	42996	72127	0.994183241671146
414	42992	72127	0.994183241671146
415	42945	72127	0.994183241671146
416	42939	72127	0.994183241671146
417	42920	72127	0.994183241671146
418	42897	72127	0.994183241671146
419	42896	72127	0.994183241671146
420	42809	72127	0.994183241671146
421	42803	72127	0.994183241671146
422	42777	72127	0.994183241671146
423	42772	72127	0.994183241671146
424	42751	72127	0.994183241671146
425	42730	72127	0.994183241671146
426	42714	72127	0.994183241671146
427	42706	72127	0.994183241671146
428	42688	72127	0.994183241671146
429	42688	72127	0.994183241671146
430	42687	72127	0.994183241671146
431	42682	72127	0.994183241671146
432	42671	72127	0.994183241671146
433	42623	72127	0.994183241671146
434	42592	72127	0.994183241671146
435	42584	72127	0.994183241671146
436	42580	72127	0.994183241671146
437	42579	72127	0.994183241671146
438	42552	72127	0.994183241671146
439	42448	72127	0.994183241671146
440	42435	72127	0.994183241671146
441	42427	72127	0.994183241671146
442	42413	72131	0.994238376821183
443	42405	72131	0.994238376821183
444	42389	72131	0.994238376821183
445	42364	72131	0.994238376821183
446	42348	72131	0.994238376821183
447	42297	72131	0.994238376821183
448	42287	72131	0.994238376821183
449	42281	72131	0.994238376821183
450	42193	72131	0.994238376821183
451	42158	72131	0.994238376821183
452	42134	72131	0.994238376821183
453	42098	72131	0.994238376821183
454	42069	72131	0.994238376821183
455	42061	72131	0.994238376821183
456	42015	72131	0.994238376821183
457	42003	72131	0.994238376821183
458	42003	72131	0.994238376821183
459	41945	72131	0.994238376821183
460	41937	72131	0.994238376821183
461	41875	72131	0.994238376821183
462	41856	72131	0.994238376821183
463	41854	72131	0.994238376821183
464	41847	72131	0.994238376821183
465	41833	72131	0.994238376821183
466	41779	72131	0.994238376821183
467	41747	72131	0.994238376821183
468	41718	72131	0.994238376821183
469	41703	72131	0.994238376821183
470	41703	72131	0.994238376821183
471	41675	72131	0.994238376821183
472	41671	72131	0.994238376821183
473	41605	72131	0.994238376821183
474	41605	72131	0.994238376821183
475	41594	72131	0.994238376821183
476	41570	72131	0.994238376821183
477	41562	72131	0.994238376821183
478	41549	72131	0.994238376821183
479	41534	72131	0.994238376821183
480	41532	72131	0.994238376821183
481	41521	72131	0.994238376821183
482	41499	72131	0.994238376821183
483	41468	72131	0.994238376821183
484	41453	72131	0.994238376821183
485	41443	72131	0.994238376821183
486	41439	72131	0.994238376821183
487	41424	72131	0.994238376821183
488	41420	72131	0.994238376821183
489	41371	72131	0.994238376821183
490	41371	72131	0.994238376821183
491	41339	72131	0.994238376821183
492	41337	72131	0.994238376821183
493	41329	72131	0.994238376821183
494	41324	72131	0.994238376821183
495	41319	72131	0.994238376821183
496	41291	72131	0.994238376821183
497	41243	72131	0.994238376821183
498	41214	72131	0.994238376821183
499	41148	72131	0.994238376821183
500	41117	72131	0.994238376821183
501	41110	72131	0.994238376821183
502	41090	72131	0.994238376821183
503	41080	72131	0.994238376821183
504	41070	72131	0.994238376821183
505	41063	72131	0.994238376821183
506	41049	72131	0.994238376821183
507	41020	72131	0.994238376821183
508	41020	72131	0.994238376821183
509	40924	72131	0.994238376821183
510	40915	72131	0.994238376821183
511	40867	72131	0.994238376821183
512	40841	72131	0.994238376821183
513	40820	72131	0.994238376821183
514	40810	72131	0.994238376821183
515	40789	72131	0.994238376821183
516	40789	72138	0.994334863333747
517	40738	72138	0.994334863333747
518	40716	72138	0.994334863333747
519	40710	72138	0.994334863333747
520	40671	72138	0.994334863333747
521	40634	72138	0.994334863333747
522	40591	72138	0.994334863333747
523	40582	72138	0.994334863333747
524	40554	72138	0.994334863333747
525	40540	72138	0.994334863333747
526	40499	72138	0.994334863333747
527	40465	72138	0.994334863333747
528	40449	72138	0.994334863333747
529	40439	72138	0.994334863333747
530	40428	72138	0.994334863333747
531	40377	72138	0.994334863333747
532	40369	72138	0.994334863333747
533	40368	72138	0.994334863333747
534	40326	72138	0.994334863333747
535	40294	72138	0.994334863333747
536	40275	72138	0.994334863333747
537	40271	72138	0.994334863333747
538	40252	72138	0.994334863333747
539	40242	72138	0.994334863333747
540	40214	72138	0.994334863333747
541	40174	72138	0.994334863333747
542	40169	72138	0.994334863333747
543	40152	72138	0.994334863333747
544	40142	72138	0.994334863333747
545	40112	72138	0.994334863333747
546	40107	72138	0.994334863333747
547	40072	72138	0.994334863333747
548	40065	72138	0.994334863333747
549	40052	72138	0.994334863333747
550	40045	72138	0.994334863333747
551	40017	72138	0.994334863333747
552	40010	72138	0.994334863333747
553	39965	72138	0.994334863333747
554	39920	72138	0.994334863333747
555	39901	72138	0.994334863333747
556	39893	72138	0.994334863333747
557	39883	72138	0.994334863333747
558	39874	72138	0.994334863333747
559	39856	72138	0.994334863333747
560	39837	72138	0.994334863333747
561	39826	72138	0.994334863333747
562	39815	72138	0.994334863333747
563	39770	72138	0.994334863333747
564	39746	72138	0.994334863333747
565	39707	72138	0.994334863333747
566	39696	72138	0.994334863333747
567	39696	72138	0.994334863333747
568	39684	72138	0.994334863333747
569	39678	72138	0.994334863333747
570	39656	72138	0.994334863333747
571	39655	72138	0.994334863333747
572	39640	72138	0.994334863333747
573	39628	72138	0.994334863333747
574	39606	72138	0.994334863333747
575	39590	72138	0.994334863333747
576	39579	72138	0.994334863333747
577	39577	72138	0.994334863333747
578	39563	72138	0.994334863333747
579	39563	72138	0.994334863333747
580	39532	72138	0.994334863333747
581	39514	72138	0.994334863333747
582	39511	72138	0.994334863333747
583	39469	72145	0.994431349846311
584	39458	72145	0.994431349846311
585	39445	72145	0.994431349846311
586	39388	72145	0.994431349846311
587	39352	72145	0.994431349846311
588	39324	72145	0.994431349846311
589	39320	72145	0.994431349846311
590	39312	72145	0.994431349846311
591	39310	72145	0.994431349846311
592	39308	72145	0.994431349846311
593	39228	72145	0.994431349846311
594	39193	72145	0.994431349846311
595	39192	72145	0.994431349846311
596	39185	72145	0.994431349846311
597	39124	72145	0.994431349846311
598	39068	72145	0.994431349846311
599	39041	72145	0.994431349846311
600	39037	72145	0.994431349846311
601	39010	72145	0.994431349846311
602	39002	72145	0.994431349846311
603	38994	72145	0.994431349846311
604	38989	72145	0.994431349846311
605	38968	72145	0.994431349846311
606	38962	72145	0.994431349846311
607	38895	72145	0.994431349846311
608	38859	72145	0.994431349846311
609	38852	72145	0.994431349846311
610	38816	72145	0.994431349846311
611	38795	72145	0.994431349846311
612	38787	72145	0.994431349846311
613	38776	72145	0.994431349846311
614	38741	72145	0.994431349846311
615	38719	72145	0.994431349846311
616	38706	72145	0.994431349846311
617	38694	72145	0.994431349846311
618	38694	72145	0.994431349846311
619	38684	72145	0.994431349846311
620	38659	72145	0.994431349846311
621	38622	72145	0.994431349846311
622	38613	72145	0.994431349846311
623	38608	72145	0.994431349846311
624	38605	72150	0.994500268783856
625	38571	72150	0.994500268783856
626	38566	72150	0.994500268783856
627	38557	72150	0.994500268783856
628	38549	72150	0.994500268783856
629	38460	72150	0.994500268783856
630	38387	72150	0.994500268783856
631	38382	72150	0.994500268783856
632	38373	72150	0.994500268783856
633	38373	72150	0.994500268783856
634	38368	72150	0.994500268783856
635	38347	72150	0.994500268783856
636	38314	72150	0.994500268783856
637	38287	72154	0.994555403933893
638	38280	72154	0.994555403933893
639	38243	72154	0.994555403933893
640	38214	72154	0.994555403933893
641	38186	72154	0.994555403933893
642	38184	72154	0.994555403933893
643	38175	72154	0.994555403933893
644	38173	72154	0.994555403933893
645	38153	72154	0.994555403933893
646	38126	72154	0.994555403933893
647	38111	72154	0.994555403933893
648	38101	72154	0.994555403933893
649	38088	72154	0.994555403933893
650	38086	72154	0.994555403933893
651	38081	72154	0.994555403933893
652	38004	72154	0.994555403933893
653	37998	72154	0.994555403933893
654	37981	72154	0.994555403933893
655	37958	72154	0.994555403933893
656	37931	72154	0.994555403933893
657	37907	72154	0.994555403933893
658	37844	72154	0.994555403933893
659	37823	72154	0.994555403933893
660	37820	72154	0.994555403933893
661	37817	72154	0.994555403933893
662	37801	72154	0.994555403933893
663	37790	72154	0.994555403933893
664	37783	72154	0.994555403933893
665	37753	72154	0.994555403933893
666	37742	72154	0.994555403933893
667	37697	72154	0.994555403933893
668	37677	72154	0.994555403933893
669	37542	72154	0.994555403933893
670	37537	72154	0.994555403933893
671	37470	72154	0.994555403933893
672	37449	72154	0.994555403933893
673	37438	72154	0.994555403933893
674	37438	72154	0.994555403933893
675	37421	72154	0.994555403933893
676	37403	72154	0.994555403933893
677	37384	72154	0.994555403933893
678	37345	72154	0.994555403933893
679	37335	72154	0.994555403933893
680	37315	72154	0.994555403933893
681	37308	72154	0.994555403933893
682	37305	72154	0.994555403933893
683	37296	72154	0.994555403933893
684	37291	72154	0.994555403933893
685	37287	72154	0.994555403933893
686	37247	72154	0.994555403933893
687	37240	72154	0.994555403933893
688	37219	72154	0.994555403933893
689	37193	72154	0.994555403933893
690	37185	72154	0.994555403933893
691	37174	72154	0.994555403933893
692	37169	72154	0.994555403933893
693	37149	72154	0.994555403933893
694	37148	72154	0.994555403933893
695	37141	72154	0.994555403933893
696	37105	72154	0.994555403933893
697	37093	72154	0.994555403933893
698	37076	72154	0.994555403933893
699	37072	72154	0.994555403933893
700	37005	72154	0.994555403933893
701	37002	72154	0.994555403933893
702	36986	72154	0.994555403933893
703	36981	72154	0.994555403933893
704	36960	72154	0.994555403933893
705	36950	72154	0.994555403933893
706	36908	72154	0.994555403933893
707	36899	72154	0.994555403933893
708	36869	72154	0.994555403933893
709	36868	72154	0.994555403933893
710	36848	72154	0.994555403933893
711	36836	72154	0.994555403933893
712	36809	72154	0.994555403933893
713	36809	72154	0.994555403933893
714	36800	72154	0.994555403933893
715	36797	72154	0.994555403933893
716	36744	72154	0.994555403933893
717	36735	72154	0.994555403933893
718	36703	72154	0.994555403933893
719	36701	72154	0.994555403933893
720	36693	72154	0.994555403933893
721	36680	72154	0.994555403933893
722	36659	72154	0.994555403933893
723	36639	72154	0.994555403933893
724	36635	72154	0.994555403933893
725	36631	72154	0.994555403933893
726	36538	72154	0.994555403933893
727	36520	72154	0.994555403933893
728	36519	72154	0.994555403933893
729	36518	72154	0.994555403933893
730	36481	72154	0.994555403933893
731	36473	72154	0.994555403933893
732	36468	72154	0.994555403933893
733	36465	72154	0.994555403933893
734	36414	72154	0.994555403933893
735	36399	72154	0.994555403933893
736	36385	72154	0.994555403933893
737	36383	72154	0.994555403933893
738	36367	72154	0.994555403933893
739	36347	72154	0.994555403933893
740	36342	72154	0.994555403933893
741	36309	72154	0.994555403933893
742	36224	72154	0.994555403933893
743	36219	72154	0.994555403933893
744	36187	72154	0.994555403933893
745	36169	72154	0.994555403933893
746	36158	72154	0.994555403933893
747	36141	72154	0.994555403933893
748	36122	72154	0.994555403933893
749	36117	72154	0.994555403933893
750	36095	72154	0.994555403933893
751	36091	72154	0.994555403933893
752	36078	72154	0.994555403933893
753	36074	72154	0.994555403933893
754	36058	72154	0.994555403933893
755	36048	72154	0.994555403933893
756	36022	72154	0.994555403933893
757	36018	72154	0.994555403933893
758	36011	72154	0.994555403933893
759	35998	72154	0.994555403933893
760	35974	72154	0.994555403933893
761	35951	72154	0.994555403933893
762	35938	72154	0.994555403933893
763	35930	72154	0.994555403933893
764	35925	72154	0.994555403933893
765	35879	72154	0.994555403933893
766	35872	72154	0.994555403933893
767	35858	72154	0.994555403933893
768	35841	72154	0.994555403933893
769	35805	72154	0.994555403933893
770	35787	72154	0.994555403933893
771	35765	72154	0.994555403933893
772	35761	72154	0.994555403933893
773	35750	72158	0.994610539083929
774	35741	72158	0.994610539083929
775	35722	72158	0.994610539083929
776	35718	72158	0.994610539083929
777	35703	72158	0.994610539083929
778	35682	72158	0.994610539083929
779	35661	72158	0.994610539083929
780	35644	72158	0.994610539083929
781	35641	72158	0.994610539083929
782	35638	72158	0.994610539083929
783	35609	72158	0.994610539083929
784	35601	72158	0.994610539083929
785	35562	72158	0.994610539083929
786	35528	72158	0.994610539083929
787	35487	72158	0.994610539083929
788	35417	72158	0.994610539083929
789	35393	72158	0.994610539083929
790	35389	72158	0.994610539083929
791	35381	72158	0.994610539083929
792	35370	72158	0.994610539083929
793	35294	72158	0.994610539083929
794	35159	72158	0.994610539083929
795	35157	72158	0.994610539083929
796	35153	72158	0.994610539083929
797	35144	72158	0.994610539083929
798	35107	72158	0.994610539083929
799	35091	72158	0.994610539083929
800	35055	72158	0.994610539083929
801	35006	72158	0.994610539083929
802	35001	72158	0.994610539083929
803	34997	72158	0.994610539083929
804	34988	72158	0.994610539083929
805	34983	72158	0.994610539083929
806	34967	72158	0.994610539083929
807	34965	72158	0.994610539083929
808	34953	72158	0.994610539083929
809	34950	72164	0.994693241808984
810	34947	72164	0.994693241808984
811	34903	72164	0.994693241808984
812	34899	72164	0.994693241808984
813	34894	72164	0.994693241808984
814	34824	72164	0.994693241808984
815	34812	72164	0.994693241808984
816	34803	72164	0.994693241808984
817	34796	72164	0.994693241808984
818	34791	72164	0.994693241808984
819	34763	72164	0.994693241808984
820	34763	72164	0.994693241808984
821	34762	72164	0.994693241808984
822	34748	72164	0.994693241808984
823	34747	72164	0.994693241808984
824	34741	72164	0.994693241808984
825	34725	72164	0.994693241808984
826	34715	72164	0.994693241808984
827	34711	72164	0.994693241808984
828	34669	72164	0.994693241808984
829	34651	72164	0.994693241808984
830	34636	72164	0.994693241808984
831	34575	72164	0.994693241808984
832	34568	72164	0.994693241808984
833	34552	72164	0.994693241808984
834	34545	72164	0.994693241808984
835	34519	72164	0.994693241808984
836	34512	72164	0.994693241808984
837	34498	72164	0.994693241808984
838	34477	72164	0.994693241808984
839	34457	72164	0.994693241808984
840	34403	72164	0.994693241808984
841	34396	72164	0.994693241808984
842	34393	72164	0.994693241808984
843	34392	72164	0.994693241808984
844	34390	72164	0.994693241808984
845	34331	72164	0.994693241808984
846	34329	72164	0.994693241808984
847	34298	72164	0.994693241808984
848	34282	72164	0.994693241808984
849	34240	72164	0.994693241808984
850	34234	72164	0.994693241808984
851	34234	72164	0.994693241808984
852	34211	72164	0.994693241808984
853	34172	72164	0.994693241808984
854	34171	72164	0.994693241808984
855	34118	72164	0.994693241808984
856	34066	72164	0.994693241808984
857	34054	72164	0.994693241808984
858	34044	72164	0.994693241808984
859	34042	72164	0.994693241808984
860	34039	72164	0.994693241808984
861	34024	72164	0.994693241808984
862	34021	72164	0.994693241808984
863	34021	72164	0.994693241808984
864	33984	72164	0.994693241808984
865	33954	72164	0.994693241808984
866	33943	72164	0.994693241808984
867	33885	72164	0.994693241808984
868	33882	72164	0.994693241808984
869	33867	72164	0.994693241808984
870	33844	72164	0.994693241808984
871	33830	72164	0.994693241808984
872	33815	72164	0.994693241808984
873	33812	72164	0.994693241808984
874	33790	72164	0.994693241808984
875	33741	72164	0.994693241808984
876	33727	72164	0.994693241808984
877	33700	72164	0.994693241808984
878	33692	72164	0.994693241808984
879	33691	72164	0.994693241808984
880	33684	72164	0.994693241808984
881	33612	72164	0.994693241808984
882	33607	72164	0.994693241808984
883	33576	72164	0.994693241808984
884	33576	72164	0.994693241808984
885	33570	72164	0.994693241808984
886	33559	72164	0.994693241808984
887	33553	72164	0.994693241808984
888	33532	72164	0.994693241808984
889	33518	72164	0.994693241808984
890	33512	72164	0.994693241808984
891	33480	72164	0.994693241808984
892	33475	72164	0.994693241808984
893	33447	72164	0.994693241808984
894	33441	72164	0.994693241808984
895	33440	72164	0.994693241808984
896	33438	72164	0.994693241808984
897	33424	72164	0.994693241808984
898	33410	72164	0.994693241808984
899	33385	72164	0.994693241808984
900	33368	72164	0.994693241808984
901	33340	72164	0.994693241808984
902	33340	72164	0.994693241808984
903	33297	72164	0.994693241808984
904	33275	72164	0.994693241808984
905	33269	72164	0.994693241808984
906	33269	72164	0.994693241808984
907	33259	72164	0.994693241808984
908	33258	72164	0.994693241808984
909	33256	72169	0.99476216074653
910	33252	72169	0.99476216074653
911	33236	72169	0.99476216074653
912	33208	72169	0.99476216074653
913	33154	72169	0.99476216074653
914	33147	72169	0.99476216074653
915	33147	72169	0.99476216074653
916	33130	72169	0.99476216074653
917	33128	72169	0.99476216074653
918	33071	72169	0.99476216074653
919	33068	72169	0.99476216074653
920	33041	72169	0.99476216074653
921	32984	72169	0.99476216074653
922	32983	72169	0.99476216074653
923	32972	72169	0.99476216074653
924	32880	72169	0.99476216074653
925	32875	72169	0.99476216074653
926	32849	72169	0.99476216074653
927	32844	72169	0.99476216074653
928	32830	72169	0.99476216074653
929	32825	72169	0.99476216074653
930	32817	72169	0.99476216074653
931	32806	72169	0.99476216074653
932	32792	72169	0.99476216074653
933	32790	72169	0.99476216074653
934	32779	72169	0.99476216074653
935	32753	72169	0.99476216074653
936	32732	72169	0.99476216074653
937	32726	72169	0.99476216074653
938	32704	72169	0.99476216074653
939	32699	72169	0.99476216074653
940	32675	72169	0.99476216074653
941	32668	72169	0.99476216074653
942	32584	72169	0.99476216074653
943	32533	72169	0.99476216074653
944	32524	72169	0.99476216074653
945	32517	72169	0.99476216074653
946	32511	72169	0.99476216074653
947	32502	72169	0.99476216074653
948	32481	72169	0.99476216074653
949	32479	72169	0.99476216074653
950	32463	72169	0.99476216074653
951	32440	72169	0.99476216074653
952	32431	72169	0.99476216074653
953	32427	72169	0.99476216074653
954	32419	72169	0.99476216074653
955	32413	72169	0.99476216074653
956	32403	72169	0.99476216074653
957	32346	72169	0.99476216074653
958	32320	72169	0.99476216074653
959	32318	72169	0.99476216074653
960	32298	72169	0.99476216074653
961	32297	72169	0.99476216074653
962	32278	72169	0.99476216074653
963	32252	72169	0.99476216074653
964	32227	72169	0.99476216074653
965	32220	72169	0.99476216074653
966	32212	72169	0.99476216074653
967	32172	72169	0.99476216074653
968	32165	72169	0.99476216074653
969	32144	72169	0.99476216074653
970	32064	72169	0.99476216074653
971	32063	72169	0.99476216074653
972	32044	72169	0.99476216074653
973	32013	72169	0.99476216074653
974	31992	72169	0.99476216074653
975	31961	72169	0.99476216074653
976	31958	72169	0.99476216074653
977	31957	72169	0.99476216074653
978	31948	72169	0.99476216074653
979	31911	72169	0.99476216074653
980	31910	72169	0.99476216074653
981	31906	72169	0.99476216074653
982	31899	72169	0.99476216074653
983	31890	72169	0.99476216074653
984	31889	72169	0.99476216074653
985	31885	72169	0.99476216074653
986	31846	72169	0.99476216074653
987	31812	72169	0.99476216074653
988	31811	72169	0.99476216074653
989	31809	72169	0.99476216074653
990	31722	72169	0.99476216074653
991	31681	72169	0.99476216074653
992	31634	72169	0.99476216074653
993	31602	72169	0.99476216074653
994	31593	72169	0.99476216074653
995	31507	72169	0.99476216074653
996	31474	72169	0.99476216074653
997	31455	72169	0.99476216074653
998	31449	72169	0.99476216074653
999	31398	72169	0.99476216074653
1000	31378	72169	0.99476216074653
1001	31377	72169	0.99476216074653
1002	31357	72169	0.99476216074653
1003	31319	72169	0.99476216074653
1004	31301	72169	0.99476216074653
1005	31297	72169	0.99476216074653
1006	31286	72169	0.99476216074653
1007	31284	72169	0.99476216074653
1008	31249	72169	0.99476216074653
1009	31222	72169	0.99476216074653
1010	31212	72169	0.99476216074653
1011	31210	72169	0.99476216074653
1012	31199	72169	0.99476216074653
1013	31198	72169	0.99476216074653
1014	31194	72169	0.99476216074653
1015	31192	72169	0.99476216074653
1016	31191	72169	0.99476216074653
1017	31133	72169	0.99476216074653
1018	31075	72169	0.99476216074653
1019	31069	72169	0.99476216074653
1020	31063	72169	0.99476216074653
1021	31051	72169	0.99476216074653
1022	31041	72169	0.99476216074653
1023	30949	72169	0.99476216074653
1024	30940	72170	0.994775944534039
1025	30902	72170	0.994775944534039
1026	30901	72170	0.994775944534039
1027	30888	72170	0.994775944534039
1028	30870	72170	0.994775944534039
1029	30858	72170	0.994775944534039
1030	30792	72170	0.994775944534039
1031	30774	72170	0.994775944534039
1032	30714	72170	0.994775944534039
1033	30709	72170	0.994775944534039
1034	30703	72170	0.994775944534039
1035	30701	72170	0.994775944534039
1036	30697	72170	0.994775944534039
1037	30681	72170	0.994775944534039
1038	30674	72170	0.994775944534039
1039	30673	72170	0.994775944534039
1040	30654	72170	0.994775944534039
1041	30651	72170	0.994775944534039
1042	30639	72170	0.994775944534039
1043	30615	72170	0.994775944534039
1044	30611	72170	0.994775944534039
1045	30597	72170	0.994775944534039
1046	30560	72170	0.994775944534039
1047	30542	72170	0.994775944534039
1048	30538	72170	0.994775944534039
1049	30537	72170	0.994775944534039
1050	30532	72170	0.994775944534039
1051	30530	72170	0.994775944534039
1052	30469	72170	0.994775944534039
1053	30433	72170	0.994775944534039
1054	30428	72170	0.994775944534039
1055	30425	72170	0.994775944534039
1056	30414	72170	0.994775944534039
1057	30402	72170	0.994775944534039
1058	30402	72170	0.994775944534039
1059	30384	72170	0.994775944534039
1060	30349	72170	0.994775944534039
1061	30348	72170	0.994775944534039
1062	30341	72170	0.994775944534039
1063	30333	72170	0.994775944534039
1064	30283	72170	0.994775944534039
1065	30227	72170	0.994775944534039
1066	30213	72170	0.994775944534039
1067	30199	72170	0.994775944534039
1068	30170	72170	0.994775944534039
1069	30161	72170	0.994775944534039
1070	30149	72170	0.994775944534039
1071	30140	72170	0.994775944534039
1072	30108	72170	0.994775944534039
1073	30087	72170	0.994775944534039
1074	30078	72170	0.994775944534039
1075	30063	72170	0.994775944534039
1076	30054	72170	0.994775944534039
1077	30051	72170	0.994775944534039
1078	30040	72170	0.994775944534039
1079	30037	72170	0.994775944534039
1080	30032	72170	0.994775944534039
1081	30027	72170	0.994775944534039
1082	30022	72170	0.994775944534039
1083	30018	72170	0.994775944534039
1084	29994	72170	0.994775944534039
1085	29979	72170	0.994775944534039
1086	29965	72170	0.994775944534039
1087	29957	72170	0.994775944534039
1088	29948	72170	0.994775944534039
1089	29934	72170	0.994775944534039
1090	29919	72170	0.994775944534039
1091	29906	72170	0.994775944534039
1092	29875	72170	0.994775944534039
1093	29844	72170	0.994775944534039
1094	29827	72170	0.994775944534039
1095	29821	72170	0.994775944534039
1096	29789	72170	0.994775944534039
1097	29732	72170	0.994775944534039
1098	29674	72170	0.994775944534039
1099	29634	72170	0.994775944534039
1100	29617	72170	0.994775944534039
1101	29604	72170	0.994775944534039
1102	29587	72170	0.994775944534039
1103	29578	72170	0.994775944534039
1104	29546	72170	0.994775944534039
1105	29519	72170	0.994775944534039
1106	29470	72170	0.994775944534039
1107	29405	72170	0.994775944534039
1108	29401	72170	0.994775944534039
1109	29400	72170	0.994775944534039
1110	29396	72170	0.994775944534039
1111	29342	72170	0.994775944534039
1112	29336	72170	0.994775944534039
1113	29316	72170	0.994775944534039
1114	29315	72170	0.994775944534039
1115	29291	72170	0.994775944534039
1116	29274	72170	0.994775944534039
1117	29271	72170	0.994775944534039
1118	29271	72170	0.994775944534039
1119	29243	72170	0.994775944534039
1120	29232	72170	0.994775944534039
1121	29229	72170	0.994775944534039
1122	29222	72170	0.994775944534039
1123	29175	72170	0.994775944534039
1124	29170	72170	0.994775944534039
1125	29169	72170	0.994775944534039
1126	29151	72170	0.994775944534039
1127	29147	72170	0.994775944534039
1128	29132	72170	0.994775944534039
1129	29107	72170	0.994775944534039
1130	29103	72170	0.994775944534039
1131	29082	72170	0.994775944534039
1132	29071	72170	0.994775944534039
1133	29070	72170	0.994775944534039
1134	29059	72170	0.994775944534039
1135	29057	72170	0.994775944534039
1136	29016	72170	0.994775944534039
1137	29013	72170	0.994775944534039
1138	28966	72170	0.994775944534039
1139	28946	72170	0.994775944534039
1140	28906	72170	0.994775944534039
1141	28906	72170	0.994775944534039
1142	28893	72170	0.994775944534039
1143	28854	72170	0.994775944534039
1144	28820	72170	0.994775944534039
1145	28810	72170	0.994775944534039
1146	28754	72170	0.994775944534039
1147	28752	72170	0.994775944534039
1148	28738	72170	0.994775944534039
1149	28737	72170	0.994775944534039
1150	28714	72170	0.994775944534039
1151	28706	72170	0.994775944534039
1152	28703	72170	0.994775944534039
1153	28653	72170	0.994775944534039
1154	28641	72170	0.994775944534039
1155	28620	72170	0.994775944534039
1156	28597	72170	0.994775944534039
1157	28590	72170	0.994775944534039
1158	28571	72170	0.994775944534039
1159	28567	72170	0.994775944534039
1160	28531	72170	0.994775944534039
1161	28511	72170	0.994775944534039
1162	28476	72170	0.994775944534039
1163	28430	72170	0.994775944534039
1164	28415	72170	0.994775944534039
1165	28388	72170	0.994775944534039
1166	28361	72170	0.994775944534039
1167	28328	72170	0.994775944534039
1168	28321	72170	0.994775944534039
1169	28313	72170	0.994775944534039
1170	28269	72170	0.994775944534039
1171	28262	72170	0.994775944534039
1172	28260	72170	0.994775944534039
1173	28251	72170	0.994775944534039
1174	28236	72170	0.994775944534039
1175	28236	72170	0.994775944534039
1176	28158	72170	0.994775944534039
1177	28109	72170	0.994775944534039
1178	28071	72170	0.994775944534039
1179	28060	72170	0.994775944534039
1180	28031	72170	0.994775944534039
1181	28002	72170	0.994775944534039
1182	27997	72170	0.994775944534039
1183	27785	72170	0.994775944534039
1184	27785	72170	0.994775944534039
1185	27783	72170	0.994775944534039
1186	27754	72170	0.994775944534039
1187	27753	72170	0.994775944534039
1188	27722	72170	0.994775944534039
1189	27713	72170	0.994775944534039
1190	27685	72170	0.994775944534039
1191	27679	72170	0.994775944534039
1192	27665	72170	0.994775944534039
1193	27663	72170	0.994775944534039
1194	27655	72170	0.994775944534039
1195	27654	72170	0.994775944534039
1196	27623	72170	0.994775944534039
1197	27605	72170	0.994775944534039
1198	27566	72170	0.994775944534039
1199	27559	72170	0.994775944534039
1200	27523	72170	0.994775944534039
1201	27499	72170	0.994775944534039
1202	27486	72170	0.994775944534039
1203	27476	72170	0.994775944534039
1204	27456	72170	0.994775944534039
1205	27450	72170	0.994775944534039
1206	27444	72170	0.994775944534039
1207	27386	72170	0.994775944534039
1208	27385	72170	0.994775944534039
1209	27284	72170	0.994775944534039
1210	27263	72170	0.994775944534039
1211	27263	72170	0.994775944534039
1212	27225	72170	0.994775944534039
1213	27204	72170	0.994775944534039
1214	27117	72170	0.994775944534039
1215	27045	72170	0.994775944534039
1216	27024	72170	0.994775944534039
1217	27011	72170	0.994775944534039
1218	26947	72170	0.994775944534039
1219	26873	72170	0.994775944534039
1220	26864	72170	0.994775944534039
1221	26862	72170	0.994775944534039
1222	26808	72170	0.994775944534039
1223	26808	72170	0.994775944534039
1224	26753	72170	0.994775944534039
1225	26719	72170	0.994775944534039
1226	26693	72170	0.994775944534039
1227	26607	72170	0.994775944534039
1228	26593	72170	0.994775944534039
1229	26554	72170	0.994775944534039
1230	26554	72170	0.994775944534039
1231	26546	72170	0.994775944534039
1232	26513	72170	0.994775944534039
1233	26506	72170	0.994775944534039
1234	26460	72170	0.994775944534039
1235	26451	72170	0.994775944534039
1236	26423	72170	0.994775944534039
1237	26340	72170	0.994775944534039
1238	26320	72170	0.994775944534039
1239	26304	72170	0.994775944534039
1240	26282	72170	0.994775944534039
1241	26275	72170	0.994775944534039
1242	26261	72170	0.994775944534039
1243	26255	72170	0.994775944534039
1244	26223	72170	0.994775944534039
1245	26214	72170	0.994775944534039
1246	26202	72170	0.994775944534039
1247	26146	72170	0.994775944534039
1248	26115	72170	0.994775944534039
1249	26106	72170	0.994775944534039
1250	26070	72170	0.994775944534039
1251	26037	72170	0.994775944534039
1252	26016	72170	0.994775944534039
1253	26001	72170	0.994775944534039
1254	25971	72170	0.994775944534039
1255	25958	72170	0.994775944534039
1256	25940	72170	0.994775944534039
1257	25917	72170	0.994775944534039
1258	25913	72170	0.994775944534039
1259	25850	72170	0.994775944534039
1260	25841	72170	0.994775944534039
1261	25826	72170	0.994775944534039
1262	25816	72170	0.994775944534039
1263	25810	72170	0.994775944534039
1264	25785	72170	0.994775944534039
1265	25778	72170	0.994775944534039
1266	25774	72170	0.994775944534039
1267	25761	72170	0.994775944534039
1268	25646	72170	0.994775944534039
1269	25642	72170	0.994775944534039
1270	25619	72170	0.994775944534039
1271	25551	72170	0.994775944534039
1272	25497	72170	0.994775944534039
1273	25485	72170	0.994775944534039
1274	25473	72170	0.994775944534039
1275	25416	72170	0.994775944534039
1276	25410	72170	0.994775944534039
1277	25399	72170	0.994775944534039
1278	25294	72170	0.994775944534039
1279	25287	72170	0.994775944534039
1280	25285	72170	0.994775944534039
1281	25283	72170	0.994775944534039
1282	25270	72170	0.994775944534039
1283	25247	72170	0.994775944534039
1284	25079	72170	0.994775944534039
1285	25050	72170	0.994775944534039
1286	25000	72170	0.994775944534039
1287	24957	72170	0.994775944534039
1288	24925	72170	0.994775944534039
1289	24889	72170	0.994775944534039
1290	24807	72170	0.994775944534039
1291	24807	72170	0.994775944534039
1292	24791	72170	0.994775944534039
1293	24693	72170	0.994775944534039
1294	24691	72170	0.994775944534039
1295	24664	72170	0.994775944534039
1296	24614	72170	0.994775944534039
1297	24610	72170	0.994775944534039
1298	24610	72170	0.994775944534039
1299	24570	72170	0.994775944534039
1300	24541	72170	0.994775944534039
1301	24450	72170	0.994775944534039
1302	24443	72170	0.994775944534039
1303	24440	72170	0.994775944534039
1304	24406	72170	0.994775944534039
1305	24246	72170	0.994775944534039
1306	24232	72170	0.994775944534039
1307	24144	72170	0.994775944534039
1308	24115	72170	0.994775944534039
1309	24111	72170	0.994775944534039
1310	24103	72170	0.994775944534039
1311	24100	72170	0.994775944534039
1312	24085	72170	0.994775944534039
1313	24078	72170	0.994775944534039
1314	24062	72170	0.994775944534039
1315	24011	72170	0.994775944534039
1316	23955	72170	0.994775944534039
1317	23917	72170	0.994775944534039
1318	23910	72170	0.994775944534039
1319	23899	72170	0.994775944534039
1320	23867	72170	0.994775944534039
1321	23822	72170	0.994775944534039
1322	23764	72170	0.994775944534039
1323	23679	72170	0.994775944534039
1324	23671	72170	0.994775944534039
1325	23665	72170	0.994775944534039
1326	23646	72170	0.994775944534039
1327	23610	72170	0.994775944534039
1328	23595	72170	0.994775944534039
1329	23502	72170	0.994775944534039
1330	23436	72170	0.994775944534039
1331	23366	72170	0.994775944534039
1332	23315	72170	0.994775944534039
1333	23314	72170	0.994775944534039
1334	23266	72170	0.994775944534039
1335	23112	72170	0.994775944534039
1336	23094	72170	0.994775944534039
1337	23005	72170	0.994775944534039
1338	22996	72170	0.994775944534039
1339	22984	72170	0.994775944534039
1340	22886	72170	0.994775944534039
1341	22875	72170	0.994775944534039
1342	22820	72170	0.994775944534039
1343	22812	72170	0.994775944534039
1344	22784	72170	0.994775944534039
1345	22597	72170	0.994775944534039
1346	22560	72170	0.994775944534039
1347	22541	72170	0.994775944534039
1348	22531	72170	0.994775944534039
1349	22380	72170	0.994775944534039
1350	22346	72170	0.994775944534039
1351	22300	72170	0.994775944534039
1352	22280	72170	0.994775944534039
1353	22271	72170	0.994775944534039
1354	22261	72170	0.994775944534039
1355	22241	72170	0.994775944534039
1356	22166	72170	0.994775944534039
1357	22129	72170	0.994775944534039
1358	22114	72170	0.994775944534039
1359	22105	72170	0.994775944534039
1360	22054	72170	0.994775944534039
1361	21979	72170	0.994775944534039
1362	21936	72170	0.994775944534039
1363	21886	72170	0.994775944534039
1364	21870	72170	0.994775944534039
1365	21860	72170	0.994775944534039
1366	21846	72170	0.994775944534039
1367	21846	72170	0.994775944534039
1368	21791	72170	0.994775944534039
1369	21746	72170	0.994775944534039
1370	21746	72170	0.994775944534039
1371	21707	72170	0.994775944534039
1372	21685	72170	0.994775944534039
1373	21660	72170	0.994775944534039
1374	21634	72170	0.994775944534039
1375	21612	72170	0.994775944534039
1376	21606	72170	0.994775944534039
1377	21584	72170	0.994775944534039
1378	21540	72170	0.994775944534039
1379	21537	72170	0.994775944534039
1380	21519	72170	0.994775944534039
1381	21463	72170	0.994775944534039
1382	21425	72170	0.994775944534039
1383	21422	72170	0.994775944534039
1384	21388	72170	0.994775944534039
1385	21333	72170	0.994775944534039
1386	21232	72170	0.994775944534039
1387	21215	72170	0.994775944534039
1388	21207	72170	0.994775944534039
1389	21179	72170	0.994775944534039
1390	21171	72170	0.994775944534039
1391	21102	72170	0.994775944534039
1392	21089	72171	0.994789728321548
1393	21054	72171	0.994789728321548
1394	21029	72171	0.994789728321548
1395	21002	72171	0.994789728321548
1396	20994	72171	0.994789728321548
1397	20971	72171	0.994789728321548
1398	20970	72171	0.994789728321548
1399	20946	72171	0.994789728321548
1400	20930	72171	0.994789728321548
1401	20847	72171	0.994789728321548
1402	20818	72171	0.994789728321548
1403	20807	72171	0.994789728321548
1404	20782	72171	0.994789728321548
1405	20708	72171	0.994789728321548
1406	20627	72171	0.994789728321548
1407	20622	72171	0.994789728321548
1408	20602	72171	0.994789728321548
1409	20541	72171	0.994789728321548
1410	20529	72171	0.994789728321548
1411	20488	72171	0.994789728321548
1412	20451	72171	0.994789728321548
1413	20327	72171	0.994789728321548
1414	20278	72171	0.994789728321548
1415	20207	72171	0.994789728321548
1416	20160	72171	0.994789728321548
1417	20123	72171	0.994789728321548
1418	20090	72171	0.994789728321548
1419	20086	72171	0.994789728321548
1420	20078	72171	0.994789728321548
1421	20069	72171	0.994789728321548
1422	20026	72171	0.994789728321548
1423	20013	72171	0.994789728321548
1424	20013	72171	0.994789728321548
1425	19981	72171	0.994789728321548
1426	19960	72171	0.994789728321548
1427	19928	72171	0.994789728321548
1428	19872	72171	0.994789728321548
1429	19802	72171	0.994789728321548
1430	19798	72171	0.994789728321548
1431	19750	72171	0.994789728321548
1432	19677	72171	0.994789728321548
1433	19662	72171	0.994789728321548
1434	19596	72171	0.994789728321548
1435	19542	72171	0.994789728321548
1436	19525	72171	0.994789728321548
1437	19477	72171	0.994789728321548
1438	19451	72171	0.994789728321548
1439	19413	72171	0.994789728321548
1440	19413	72171	0.994789728321548
1441	19404	72171	0.994789728321548
1442	19346	72171	0.994789728321548
1443	19321	72171	0.994789728321548
1444	19307	72171	0.994789728321548
1445	19284	72171	0.994789728321548
1446	19281	72171	0.994789728321548
1447	19251	72171	0.994789728321548
1448	19095	72171	0.994789728321548
1449	19031	72171	0.994789728321548
1450	19025	72171	0.994789728321548
1451	18915	72171	0.994789728321548
1452	18912	72171	0.994789728321548
1453	18812	72171	0.994789728321548
1454	18807	72171	0.994789728321548
1455	18784	72171	0.994789728321548
1456	18780	72171	0.994789728321548
1457	18679	72171	0.994789728321548
1458	18664	72171	0.994789728321548
1459	18496	72171	0.994789728321548
1460	18477	72171	0.994789728321548
1461	18469	72171	0.994789728321548
1462	18466	72171	0.994789728321548
1463	18456	72171	0.994789728321548
1464	18440	72171	0.994789728321548
1465	18179	72171	0.994789728321548
1466	18099	72171	0.994789728321548
1467	18091	72171	0.994789728321548
1468	18085	72171	0.994789728321548
1469	18075	72171	0.994789728321548
1470	18073	72171	0.994789728321548
1471	18060	72202	0.995217025734331
1472	17962	72202	0.995217025734331
1473	17914	72202	0.995217025734331
1474	17791	72202	0.995217025734331
1475	17712	72202	0.995217025734331
1476	17671	72202	0.995217025734331
1477	17653	72202	0.995217025734331
1478	17625	72202	0.995217025734331
1479	17596	72202	0.995217025734331
1480	17550	72202	0.995217025734331
1481	17498	72202	0.995217025734331
1482	17486	72202	0.995217025734331
1483	17386	72202	0.995217025734331
1484	17385	72202	0.995217025734331
1485	17290	72202	0.995217025734331
1486	17279	72202	0.995217025734331
1487	17273	72202	0.995217025734331
1488	17203	72202	0.995217025734331
1489	17188	72202	0.995217025734331
1490	17146	72202	0.995217025734331
1491	17104	72202	0.995217025734331
1492	16997	72202	0.995217025734331
1493	16977	72202	0.995217025734331
1494	16965	72202	0.995217025734331
1495	16931	72202	0.995217025734331
1496	16908	72202	0.995217025734331
1497	16845	72202	0.995217025734331
1498	16833	72202	0.995217025734331
1499	16827	72202	0.995217025734331
1500	16804	72202	0.995217025734331
1501	16780	72202	0.995217025734331
1502	16771	72202	0.995217025734331
1503	16712	72202	0.995217025734331
1504	16691	72202	0.995217025734331
1505	16679	72202	0.995217025734331
1506	16627	72202	0.995217025734331
1507	16516	72202	0.995217025734331
1508	16435	72202	0.995217025734331
1509	16434	72202	0.995217025734331
1510	16359	72202	0.995217025734331
1511	16355	72202	0.995217025734331
1512	16323	72202	0.995217025734331
1513	16259	72202	0.995217025734331
1514	16250	72202	0.995217025734331
1515	16229	72202	0.995217025734331
1516	16171	72202	0.995217025734331
1517	16126	72202	0.995217025734331
1518	16126	72202	0.995217025734331
1519	16121	72202	0.995217025734331
1520	16096	72202	0.995217025734331
1521	16065	72202	0.995217025734331
1522	16041	72202	0.995217025734331
1523	15968	72202	0.995217025734331
1524	15948	72202	0.995217025734331
1525	15936	72202	0.995217025734331
1526	15905	72202	0.995217025734331
1527	15871	72202	0.995217025734331
1528	15785	72202	0.995217025734331
1529	15759	72202	0.995217025734331
1530	15740	72202	0.995217025734331
1531	15718	72202	0.995217025734331
1532	15629	72202	0.995217025734331
1533	15620	72202	0.995217025734331
1534	15593	72202	0.995217025734331
1535	15589	72202	0.995217025734331
1536	15549	72202	0.995217025734331
1537	15448	72202	0.995217025734331
1538	15414	72202	0.995217025734331
1539	15405	72202	0.995217025734331
1540	15357	72202	0.995217025734331
1541	15348	72202	0.995217025734331
1542	15258	72202	0.995217025734331
1543	15252	72202	0.995217025734331
1544	15166	72202	0.995217025734331
1545	15162	72202	0.995217025734331
1546	15160	72202	0.995217025734331
1547	15152	72202	0.995217025734331
1548	15094	72202	0.995217025734331
1549	15072	72202	0.995217025734331
1550	15034	72202	0.995217025734331
1551	15001	72202	0.995217025734331
1552	14968	72202	0.995217025734331
1553	14958	72202	0.995217025734331
1554	14900	72202	0.995217025734331
1555	14868	72202	0.995217025734331
1556	14831	72202	0.995217025734331
1557	14781	72202	0.995217025734331
1558	14715	72202	0.995217025734331
1559	14659	72202	0.995217025734331
1560	14648	72202	0.995217025734331
1561	14631	72202	0.995217025734331
1562	14599	72202	0.995217025734331
1563	14596	72202	0.995217025734331
1564	14504	72202	0.995217025734331
1565	14481	72202	0.995217025734331
1566	14460	72202	0.995217025734331
1567	14448	72202	0.995217025734331
1568	14411	72202	0.995217025734331
1569	14405	72202	0.995217025734331
1570	14387	72202	0.995217025734331
1571	14375	72202	0.995217025734331
1572	14334	72202	0.995217025734331
1573	14327	72202	0.995217025734331
1574	14325	72202	0.995217025734331
1575	14312	72202	0.995217025734331
1576	14205	72202	0.995217025734331
1577	14172	72202	0.995217025734331
1578	14009	72202	0.995217025734331
1579	13919	72202	0.995217025734331
1580	13879	72202	0.995217025734331
1581	13869	72202	0.995217025734331
1582	13863	72202	0.995217025734331
1583	13716	72202	0.995217025734331
1584	13675	72202	0.995217025734331
1585	13638	72202	0.995217025734331
1586	13601	72202	0.995217025734331
1587	13598	72202	0.995217025734331
1588	13557	72202	0.995217025734331
1589	13556	72202	0.995217025734331
1590	13539	72202	0.995217025734331
1591	13511	72202	0.995217025734331
1592	13495	72202	0.995217025734331
1593	13486	72202	0.995217025734331
1594	13382	72202	0.995217025734331
1595	13302	72202	0.995217025734331
1596	13290	72202	0.995217025734331
1597	13269	72202	0.995217025734331
1598	13254	72202	0.995217025734331
1599	13245	72202	0.995217025734331
1600	13234	72202	0.995217025734331
1601	13218	72202	0.995217025734331
1602	13137	72202	0.995217025734331
1603	13130	72202	0.995217025734331
1604	13114	72202	0.995217025734331
1605	13105	72202	0.995217025734331
1606	13029	72202	0.995217025734331
1607	13023	72202	0.995217025734331
1608	12976	72202	0.995217025734331
1609	12956	72202	0.995217025734331
1610	12941	72202	0.995217025734331
1611	12941	72222	0.995492701484514
1612	12935	72222	0.995492701484514
1613	12922	72222	0.995492701484514
1614	12903	72222	0.995492701484514
1615	12830	72222	0.995492701484514
1616	12829	72222	0.995492701484514
1617	12785	72222	0.995492701484514
1618	12773	72222	0.995492701484514
1619	12728	72222	0.995492701484514
1620	12716	72222	0.995492701484514
1621	12691	72222	0.995492701484514
1622	12680	72222	0.995492701484514
1623	12666	72222	0.995492701484514
1624	12655	72222	0.995492701484514
1625	12613	72222	0.995492701484514
1626	12612	72222	0.995492701484514
1627	12604	72222	0.995492701484514
1628	12588	72222	0.995492701484514
1629	12573	72222	0.995492701484514
1630	12529	72222	0.995492701484514
1631	12523	72222	0.995492701484514
1632	12485	72222	0.995492701484514
1633	12421	72222	0.995492701484514
1634	12421	72222	0.995492701484514
1635	12305	72222	0.995492701484514
1636	12293	72222	0.995492701484514
1637	12287	72222	0.995492701484514
1638	12266	72222	0.995492701484514
1639	12237	72222	0.995492701484514
1640	12216	72222	0.995492701484514
1641	12215	72222	0.995492701484514
1642	12213	72222	0.995492701484514
1643	12197	72222	0.995492701484514
1644	12174	72222	0.995492701484514
1645	12161	72222	0.995492701484514
1646	12146	72222	0.995492701484514
1647	12110	72222	0.995492701484514
1648	12078	72222	0.995492701484514
1649	12024	72222	0.995492701484514
1650	11977	72222	0.995492701484514
1651	11951	72222	0.995492701484514
1652	11883	72222	0.995492701484514
1653	11866	72222	0.995492701484514
1654	11852	72222	0.995492701484514
1655	11838	72222	0.995492701484514
1656	11829	72223	0.995506485272023
1657	11804	72223	0.995506485272023
1658	11797	72223	0.995506485272023
1659	11763	72223	0.995506485272023
1660	11694	72223	0.995506485272023
1661	11595	72223	0.995506485272023
1662	11550	72223	0.995506485272023
1663	11521	72223	0.995506485272023
1664	11517	72223	0.995506485272023
1665	11402	72223	0.995506485272023
1666	11375	72223	0.995506485272023
1667	11350	72223	0.995506485272023
1668	11325	72223	0.995506485272023
1669	11300	72223	0.995506485272023
1670	11281	72223	0.995506485272023
1671	11241	72223	0.995506485272023
1672	11221	72223	0.995506485272023
1673	11219	72223	0.995506485272023
1674	11184	72223	0.995506485272023
1675	11134	72223	0.995506485272023
1676	11096	72223	0.995506485272023
1677	11081	72223	0.995506485272023
1678	11066	72223	0.995506485272023
1679	11060	72223	0.995506485272023
1680	11000	72223	0.995506485272023
1681	10942	72223	0.995506485272023
1682	10878	72223	0.995506485272023
1683	10878	72223	0.995506485272023
1684	10836	72223	0.995506485272023
1685	10805	72223	0.995506485272023
1686	10794	72223	0.995506485272023
1687	10769	72223	0.995506485272023
1688	10739	72223	0.995506485272023
1689	10736	72228	0.995575404209569
1690	10729	72228	0.995575404209569
1691	10712	72228	0.995575404209569
1692	10692	72228	0.995575404209569
1693	10643	72228	0.995575404209569
1694	10626	72228	0.995575404209569
1695	10616	72229	0.995589187997078
1696	10565	72229	0.995589187997078
1697	10479	72229	0.995589187997078
1698	10442	72229	0.995589187997078
1699	10441	72229	0.995589187997078
1700	10423	72229	0.995589187997078
1701	10380	72291	0.996443782822644
1702	10380	72291	0.996443782822644
1703	10376	72291	0.996443782822644
1704	10360	72291	0.996443782822644
1705	10289	72291	0.996443782822644
1706	10194	72291	0.996443782822644
1707	10164	72291	0.996443782822644
1708	10070	72291	0.996443782822644
1709	9996	72291	0.996443782822644
1710	9988	72291	0.996443782822644
1711	9976	72291	0.996443782822644
1712	9932	72291	0.996443782822644
1713	9930	72291	0.996443782822644
1714	9921	72291	0.996443782822644
1715	9909	72291	0.996443782822644
1716	9883	72291	0.996443782822644
1717	9876	72291	0.996443782822644
1718	9749	72291	0.996443782822644
1719	9745	72291	0.996443782822644
1720	9740	72291	0.996443782822644
1721	9715	72291	0.996443782822644
1722	9688	72291	0.996443782822644
1723	9569	72291	0.996443782822644
1724	9528	72291	0.996443782822644
1725	9526	72291	0.996443782822644
1726	9521	72291	0.996443782822644
1727	9486	72291	0.996443782822644
1728	9460	72291	0.996443782822644
1729	9390	72291	0.996443782822644
1730	9368	72291	0.996443782822644
1731	9355	72291	0.996443782822644
1732	9352	72291	0.996443782822644
1733	9345	72291	0.996443782822644
1734	9331	72291	0.996443782822644
1735	9274	72292	0.996457566610153
1736	9236	72292	0.996457566610153
1737	9180	72292	0.996457566610153
1738	9179	72292	0.996457566610153
1739	9137	72292	0.996457566610153
1740	9111	72292	0.996457566610153
1741	9065	72292	0.996457566610153
1742	9063	72292	0.996457566610153
1743	9036	72292	0.996457566610153
1744	9013	72292	0.996457566610153
1745	8978	72292	0.996457566610153
1746	8975	72292	0.996457566610153
1747	8963	72292	0.996457566610153
1748	8963	72292	0.996457566610153
1749	8953	72292	0.996457566610153
1750	8946	72292	0.996457566610153
1751	8940	72292	0.996457566610153
1752	8926	72292	0.996457566610153
1753	8870	72292	0.996457566610153
1754	8868	72292	0.996457566610153
1755	8857	72292	0.996457566610153
1756	8840	72292	0.996457566610153
1757	8732	72292	0.996457566610153
1758	8712	72292	0.996457566610153
1759	8703	72292	0.996457566610153
1760	8638	72292	0.996457566610153
1761	8627	72292	0.996457566610153
1762	8592	72292	0.996457566610153
1763	8581	72292	0.996457566610153
1764	8564	72292	0.996457566610153
1765	8549	72292	0.996457566610153
1766	8535	72292	0.996457566610153
1767	8498	72292	0.996457566610153
1768	8458	72292	0.996457566610153
1769	8411	72292	0.996457566610153
1770	8410	72292	0.996457566610153
1771	8409	72292	0.996457566610153
1772	8403	72292	0.996457566610153
1773	8336	72292	0.996457566610153
1774	8315	72292	0.996457566610153
1775	8223	72292	0.996457566610153
1776	8200	72292	0.996457566610153
1777	8186	72292	0.996457566610153
1778	8149	72292	0.996457566610153
1779	8116	72292	0.996457566610153
1780	8105	72313	0.996747026147845
1781	8065	72313	0.996747026147845
1782	7989	72313	0.996747026147845
1783	7988	72313	0.996747026147845
1784	7969	72313	0.996747026147845
1785	7924	72313	0.996747026147845
1786	7870	72313	0.996747026147845
1787	7842	72313	0.996747026147845
1788	7828	72313	0.996747026147845
1789	7780	72313	0.996747026147845
1790	7755	72313	0.996747026147845
1791	7689	72313	0.996747026147845
1792	7685	72313	0.996747026147845
1793	7684	72313	0.996747026147845
1794	7676	72313	0.996747026147845
1795	7657	72313	0.996747026147845
1796	7653	72313	0.996747026147845
1797	7647	72313	0.996747026147845
1798	7639	72313	0.996747026147845
1799	7637	72313	0.996747026147845
1800	7633	72313	0.996747026147845
1801	7614	72313	0.996747026147845
1802	7603	72313	0.996747026147845
1803	7549	72313	0.996747026147845
1804	7542	72313	0.996747026147845
1805	7501	72313	0.996747026147845
1806	7417	72313	0.996747026147845
1807	7402	72313	0.996747026147845
1808	7398	72313	0.996747026147845
1809	7376	72313	0.996747026147845
1810	7337	72313	0.996747026147845
1811	7316	72313	0.996747026147845
1812	7308	72313	0.996747026147845
1813	7256	72313	0.996747026147845
1814	7210	72313	0.996747026147845
1815	7193	72313	0.996747026147845
1816	7172	72313	0.996747026147845
1817	7103	72313	0.996747026147845
1818	7084	72313	0.996747026147845
1819	7072	72313	0.996747026147845
1820	7062	72313	0.996747026147845
1821	7062	72313	0.996747026147845
1822	6996	72313	0.996747026147845
1823	6966	72313	0.996747026147845
1824	6965	72313	0.996747026147845
1825	6947	72313	0.996747026147845
1826	6936	72313	0.996747026147845
1827	6887	72313	0.996747026147845
1828	6857	72313	0.996747026147845
1829	6779	72313	0.996747026147845
1830	6746	72313	0.996747026147845
1831	6735	72313	0.996747026147845
1832	6677	72313	0.996747026147845
1833	6653	72313	0.996747026147845
1834	6639	72313	0.996747026147845
1835	6598	72313	0.996747026147845
1836	6597	72313	0.996747026147845
1837	6566	72313	0.996747026147845
1838	6548	72313	0.996747026147845
1839	6540	72313	0.996747026147845
1840	6529	72313	0.996747026147845
1841	6511	72313	0.996747026147845
1842	6500	72316	0.996788377510372
1843	6483	72316	0.996788377510372
1844	6438	72316	0.996788377510372
1845	6428	72316	0.996788377510372
1846	6393	72316	0.996788377510372
1847	6331	72316	0.996788377510372
1848	6331	72316	0.996788377510372
1849	6317	72316	0.996788377510372
1850	6263	72316	0.996788377510372
1851	6257	72316	0.996788377510372
1852	6246	72316	0.996788377510372
1853	6221	72316	0.996788377510372
1854	6221	72316	0.996788377510372
1855	6195	72316	0.996788377510372
1856	6190	72316	0.996788377510372
1857	6190	72316	0.996788377510372
1858	6173	72316	0.996788377510372
1859	6121	72316	0.996788377510372
1860	6100	72316	0.996788377510372
1861	6081	72316	0.996788377510372
1862	6056	72316	0.996788377510372
1863	6053	72316	0.996788377510372
1864	6048	72316	0.996788377510372
1865	6002	72316	0.996788377510372
1866	5999	72316	0.996788377510372
1867	5980	72316	0.996788377510372
1868	5959	72316	0.996788377510372
1869	5954	72316	0.996788377510372
1870	5951	72316	0.996788377510372
1871	5929	72316	0.996788377510372
1872	5924	72316	0.996788377510372
1873	5902	72316	0.996788377510372
1874	5901	72316	0.996788377510372
1875	5885	72316	0.996788377510372
1876	5883	72316	0.996788377510372
1877	5734	72316	0.996788377510372
1878	5675	72316	0.996788377510372
1879	5656	72316	0.996788377510372
1880	5647	72316	0.996788377510372
1881	5585	72316	0.996788377510372
1882	5577	72316	0.996788377510372
1883	5577	72316	0.996788377510372
1884	5552	72316	0.996788377510372
1885	5543	72316	0.996788377510372
1886	5490	72316	0.996788377510372
1887	5474	72316	0.996788377510372
1888	5438	72316	0.996788377510372
1889	5432	72316	0.996788377510372
1890	5419	72316	0.996788377510372
1891	5419	72316	0.996788377510372
1892	5404	72316	0.996788377510372
1893	5396	72316	0.996788377510372
1894	5378	72316	0.996788377510372
1895	5378	72316	0.996788377510372
1896	5359	72316	0.996788377510372
1897	5353	72316	0.996788377510372
1898	5332	72316	0.996788377510372
1899	5325	72316	0.996788377510372
1900	5298	72316	0.996788377510372
1901	5287	72316	0.996788377510372
1902	5287	72316	0.996788377510372
1903	5235	72316	0.996788377510372
1904	5222	72316	0.996788377510372
1905	5187	72316	0.996788377510372
1906	5185	72316	0.996788377510372
1907	5183	72316	0.996788377510372
1908	5154	72316	0.996788377510372
1909	5153	72316	0.996788377510372
1910	5102	72316	0.996788377510372
1911	5089	72316	0.996788377510372
1912	5089	72316	0.996788377510372
1913	5044	72316	0.996788377510372
1914	5039	72316	0.996788377510372
1915	5015	72316	0.996788377510372
1916	4998	72316	0.996788377510372
1917	4929	72316	0.996788377510372
1918	4917	72316	0.996788377510372
1919	4885	72316	0.996788377510372
1920	4879	72316	0.996788377510372
1921	4873	72316	0.996788377510372
1922	4857	72316	0.996788377510372
1923	4796	72316	0.996788377510372
1924	4788	72316	0.996788377510372
1925	4779	72321	0.996857296447918
1926	4767	72321	0.996857296447918
1927	4761	72321	0.996857296447918
1928	4734	72321	0.996857296447918
1929	4687	72321	0.996857296447918
1930	4661	72321	0.996857296447918
1931	4631	72321	0.996857296447918
1932	4622	72321	0.996857296447918
1933	4609	72321	0.996857296447918
1934	4601	72321	0.996857296447918
1935	4542	72321	0.996857296447918
1936	4536	72321	0.996857296447918
1937	4529	72321	0.996857296447918
1938	4518	72321	0.996857296447918
1939	4517	72321	0.996857296447918
1940	4494	72321	0.996857296447918
1941	4435	72321	0.996857296447918
1942	4421	72321	0.996857296447918
1943	4405	72321	0.996857296447918
1944	4399	72321	0.996857296447918
1945	4383	72321	0.996857296447918
1946	4374	72321	0.996857296447918
1947	4331	72321	0.996857296447918
1948	4298	72321	0.996857296447918
1949	4294	72325	0.996912431597955
1950	4292	72325	0.996912431597955
1951	4285	72325	0.996912431597955
1952	4222	72325	0.996912431597955
1953	4213	72325	0.996912431597955
1954	4187	72325	0.996912431597955
1955	4184	72325	0.996912431597955
1956	4173	72325	0.996912431597955
1957	4162	72325	0.996912431597955
1958	4137	72325	0.996912431597955
1959	4106	72325	0.996912431597955
1960	4084	72325	0.996912431597955
1961	4053	72325	0.996912431597955
1962	3980	72325	0.996912431597955
1963	3960	72325	0.996912431597955
1964	3920	72325	0.996912431597955
1965	3911	72325	0.996912431597955
1966	3862	72325	0.996912431597955
1967	3835	72325	0.996912431597955
1968	3770	72325	0.996912431597955
1969	3766	72325	0.996912431597955
1970	3755	72325	0.996912431597955
1971	3731	72325	0.996912431597955
1972	3727	72325	0.996912431597955
1973	3720	72325	0.996912431597955
1974	3703	72325	0.996912431597955
1975	3703	72325	0.996912431597955
1976	3650	72325	0.996912431597955
1977	3586	72325	0.996912431597955
1978	3586	72325	0.996912431597955
1979	3584	72325	0.996912431597955
1980	3583	72325	0.996912431597955
1981	3564	72325	0.996912431597955
1982	3560	72325	0.996912431597955
1983	3551	72325	0.996912431597955
1984	3536	72325	0.996912431597955
1985	3508	72325	0.996912431597955
1986	3461	72325	0.996912431597955
1987	3453	72325	0.996912431597955
1988	3447	72325	0.996912431597955
1989	3437	72325	0.996912431597955
1990	3429	72325	0.996912431597955
1991	3426	72325	0.996912431597955
1992	3399	72325	0.996912431597955
1993	3381	72325	0.996912431597955
1994	3375	72325	0.996912431597955
1995	3329	72325	0.996912431597955
1996	3297	72329	0.996967566747991
1997	3289	72329	0.996967566747991
1998	3270	72329	0.996967566747991
1999	3234	72329	0.996967566747991
2000	3228	72329	0.996967566747991
2001	3218	72329	0.996967566747991
2002	3208	72329	0.996967566747991
2003	3207	72329	0.996967566747991
2004	3181	72329	0.996967566747991
2005	3127	72329	0.996967566747991
2006	3083	72329	0.996967566747991
2007	3080	72329	0.996967566747991
2008	3065	72329	0.996967566747991
2009	3035	72329	0.996967566747991
2010	3006	72329	0.996967566747991
2011	2974	72329	0.996967566747991
2012	2968	72329	0.996967566747991
2013	2964	72329	0.996967566747991
2014	2963	72329	0.996967566747991
2015	2963	72329	0.996967566747991
2016	2902	72329	0.996967566747991
2017	2864	72329	0.996967566747991
2018	2858	72329	0.996967566747991
2019	2855	72329	0.996967566747991
2020	2852	72329	0.996967566747991
2021	2832	72329	0.996967566747991
2022	2787	72329	0.996967566747991
2023	2782	72329	0.996967566747991
2024	2779	72329	0.996967566747991
2025	2769	72329	0.996967566747991
2026	2757	72329	0.996967566747991
2027	2749	72329	0.996967566747991
2028	2731	72329	0.996967566747991
2029	2699	72329	0.996967566747991
2030	2688	72329	0.996967566747991
2031	2686	72329	0.996967566747991
2032	2679	72329	0.996967566747991
2033	2673	72329	0.996967566747991
2034	2596	72329	0.996967566747991
2035	2565	72329	0.996967566747991
2036	2555	72329	0.996967566747991
2037	2554	72329	0.996967566747991
2038	2543	72329	0.996967566747991
2039	2540	72329	0.996967566747991
2040	2499	72329	0.996967566747991
2041	2495	72329	0.996967566747991
2042	2493	72329	0.996967566747991
2043	2486	72329	0.996967566747991
2044	2479	72329	0.996967566747991
2045	2469	72329	0.996967566747991
2046	2468	72329	0.996967566747991
2047	2458	72329	0.996967566747991
2048	2457	72329	0.996967566747991
2049	2427	72336	0.997064053260555
2050	2419	72336	0.997064053260555
2051	2410	72336	0.997064053260555
2052	2397	72336	0.997064053260555
2053	2391	72336	0.997064053260555
2054	2377	72336	0.997064053260555
2055	2375	72336	0.997064053260555
2056	2372	72336	0.997064053260555
2057	2368	72336	0.997064053260555
2058	2364	72336	0.997064053260555
2059	2356	72336	0.997064053260555
2060	2348	72336	0.997064053260555
2061	2331	72336	0.997064053260555
2062	2312	72336	0.997064053260555
2063	2301	72336	0.997064053260555
2064	2290	72336	0.997064053260555
2065	2286	72336	0.997064053260555
2066	2282	72336	0.997064053260555
2067	2238	72336	0.997064053260555
2068	2225	72336	0.997064053260555
2069	2216	72336	0.997064053260555
2070	2183	72336	0.997064053260555
2071	2177	72336	0.997064053260555
2072	2163	72336	0.997064053260555
2073	2134	72336	0.997064053260555
2074	2132	72336	0.997064053260555
2075	2126	72336	0.997064053260555
2076	2121	72336	0.997064053260555
2077	2115	72336	0.997064053260555
2078	2106	72336	0.997064053260555
2079	2103	72336	0.997064053260555
2080	2088	72336	0.997064053260555
2081	2085	72336	0.997064053260555
2082	2074	72336	0.997064053260555
2083	2072	72336	0.997064053260555
2084	2062	72336	0.997064053260555
2085	2044	72336	0.997064053260555
2086	2038	72336	0.997064053260555
2087	2038	72336	0.997064053260555
2088	2029	72336	0.997064053260555
2089	2026	72336	0.997064053260555
2090	2006	72336	0.997064053260555
2091	1998	72336	0.997064053260555
2092	1996	72336	0.997064053260555
2093	1989	72336	0.997064053260555
2094	1972	72336	0.997064053260555
2095	1969	72336	0.997064053260555
2096	1963	72336	0.997064053260555
2097	1960	72336	0.997064053260555
2098	1959	72336	0.997064053260555
2099	1955	72336	0.997064053260555
2100	1950	72336	0.997064053260555
2101	1943	72336	0.997064053260555
2102	1940	72336	0.997064053260555
2103	1923	72336	0.997064053260555
2104	1915	72336	0.997064053260555
2105	1912	72336	0.997064053260555
2106	1905	72336	0.997064053260555
2107	1902	72336	0.997064053260555
2108	1899	72336	0.997064053260555
2109	1894	72336	0.997064053260555
2110	1868	72336	0.997064053260555
2111	1865	72336	0.997064053260555
2112	1860	72336	0.997064053260555
2113	1858	72336	0.997064053260555
2114	1856	72336	0.997064053260555
2115	1852	72336	0.997064053260555
2116	1839	72336	0.997064053260555
2117	1832	72336	0.997064053260555
2118	1829	72336	0.997064053260555
2119	1822	72336	0.997064053260555
2120	1820	72336	0.997064053260555
2121	1812	72336	0.997064053260555
2122	1804	72336	0.997064053260555
2123	1788	72336	0.997064053260555
2124	1759	72336	0.997064053260555
2125	1755	72336	0.997064053260555
2126	1746	72336	0.997064053260555
2127	1742	72336	0.997064053260555
2128	1740	72336	0.997064053260555
2129	1733	72336	0.997064053260555
2130	1720	72336	0.997064053260555
2131	1714	72336	0.997064053260555
2132	1706	72336	0.997064053260555
2133	1702	72336	0.997064053260555
2134	1702	72336	0.997064053260555
2135	1701	72336	0.997064053260555
2136	1693	72336	0.997064053260555
2137	1673	72336	0.997064053260555
2138	1663	72336	0.997064053260555
2139	1661	72336	0.997064053260555
2140	1653	72336	0.997064053260555
2141	1639	72336	0.997064053260555
2142	1626	72336	0.997064053260555
2143	1623	72336	0.997064053260555
2144	1618	72336	0.997064053260555
2145	1608	72336	0.997064053260555
2146	1604	72336	0.997064053260555
2147	1601	72336	0.997064053260555
2148	1596	72336	0.997064053260555
2149	1593	72336	0.997064053260555
2150	1592	72336	0.997064053260555
2151	1560	72336	0.997064053260555
2152	1556	72336	0.997064053260555
2153	1548	72336	0.997064053260555
2154	1529	72336	0.997064053260555
2155	1527	72336	0.997064053260555
2156	1525	72336	0.997064053260555
2157	1520	72336	0.997064053260555
2158	1509	72336	0.997064053260555
2159	1509	72336	0.997064053260555
2160	1508	72336	0.997064053260555
2161	1508	72336	0.997064053260555
2162	1502	72336	0.997064053260555
2163	1481	72336	0.997064053260555
2164	1472	72336	0.997064053260555
2165	1447	72336	0.997064053260555
2166	1435	72336	0.997064053260555
2167	1433	72336	0.997064053260555
2168	1419	72336	0.997064053260555
2169	1399	72336	0.997064053260555
2170	1393	72336	0.997064053260555
2171	1392	72336	0.997064053260555
2172	1390	72336	0.997064053260555
2173	1385	72336	0.997064053260555
2174	1378	72336	0.997064053260555
2175	1368	72336	0.997064053260555
2176	1366	72336	0.997064053260555
2177	1364	72336	0.997064053260555
2178	1359	72336	0.997064053260555
2179	1342	72336	0.997064053260555
2180	1335	72336	0.997064053260555
2181	1330	72336	0.997064053260555
2182	1328	72336	0.997064053260555
2183	1323	72336	0.997064053260555
2184	1316	72336	0.997064053260555
2185	1294	72336	0.997064053260555
2186	1285	72336	0.997064053260555
2187	1276	72336	0.997064053260555
2188	1275	72336	0.997064053260555
2189	1273	72336	0.997064053260555
2190	1271	72336	0.997064053260555
2191	1269	72336	0.997064053260555
2192	1263	72336	0.997064053260555
2193	1260	72336	0.997064053260555
2194	1255	72336	0.997064053260555
2195	1249	72336	0.997064053260555
2196	1245	72336	0.997064053260555
2197	1244	72336	0.997064053260555
2198	1239	72336	0.997064053260555
2199	1237	72336	0.997064053260555
2200	1232	72336	0.997064053260555
2201	1216	72336	0.997064053260555
2202	1212	72336	0.997064053260555
2203	1208	72336	0.997064053260555
2204	1204	72336	0.997064053260555
2205	1198	72336	0.997064053260555
2206	1189	72336	0.997064053260555
2207	1185	72336	0.997064053260555
2208	1184	72336	0.997064053260555
2209	1184	72336	0.997064053260555
2210	1178	72336	0.997064053260555
2211	1154	72336	0.997064053260555
2212	1150	72336	0.997064053260555
2213	1145	72336	0.997064053260555
2214	1143	72336	0.997064053260555
2215	1140	72336	0.997064053260555
2216	1139	72336	0.997064053260555
2217	1127	72336	0.997064053260555
2218	1116	72336	0.997064053260555
2219	1114	72336	0.997064053260555
2220	1108	72336	0.997064053260555
2221	1107	72336	0.997064053260555
2222	1102	72336	0.997064053260555
2223	1099	72336	0.997064053260555
2224	1099	72336	0.997064053260555
2225	1087	72336	0.997064053260555
2226	1077	72336	0.997064053260555
2227	1072	72336	0.997064053260555
2228	1072	72336	0.997064053260555
2229	1072	72336	0.997064053260555
2230	1067	72336	0.997064053260555
2231	1067	72336	0.997064053260555
2232	1061	72336	0.997064053260555
2233	1055	72336	0.997064053260555
2234	1055	72336	0.997064053260555
2235	1029	72336	0.997064053260555
2236	1011	72336	0.997064053260555
2237	1011	72336	0.997064053260555
2238	986	72336	0.997064053260555
2239	984	72336	0.997064053260555
2240	980	72336	0.997064053260555
2241	971	72336	0.997064053260555
2242	970	72336	0.997064053260555
2243	962	72336	0.997064053260555
2244	959	72336	0.997064053260555
2245	959	72336	0.997064053260555
2246	957	72336	0.997064053260555
2247	946	72336	0.997064053260555
2248	942	72336	0.997064053260555
2249	938	72336	0.997064053260555
2250	932	72336	0.997064053260555
2251	923	72336	0.997064053260555
2252	919	72336	0.997064053260555
2253	916	72336	0.997064053260555
2254	913	72336	0.997064053260555
2255	912	72336	0.997064053260555
2256	912	72336	0.997064053260555
2257	908	72336	0.997064053260555
2258	908	72336	0.997064053260555
2259	900	72336	0.997064053260555
2260	895	72336	0.997064053260555
2261	893	72336	0.997064053260555
2262	887	72336	0.997064053260555
2263	882	72336	0.997064053260555
2264	880	72336	0.997064053260555
2265	877	72336	0.997064053260555
2266	876	72336	0.997064053260555
2267	870	72336	0.997064053260555
2268	859	72336	0.997064053260555
2269	849	72336	0.997064053260555
2270	848	72336	0.997064053260555
2271	816	72336	0.997064053260555
2272	816	72336	0.997064053260555
2273	805	72336	0.997064053260555
2274	798	72336	0.997064053260555
2275	795	72336	0.997064053260555
2276	792	72336	0.997064053260555
2277	791	72336	0.997064053260555
2278	786	72336	0.997064053260555
2279	785	72336	0.997064053260555
2280	783	72336	0.997064053260555
2281	776	72336	0.997064053260555
2282	771	72336	0.997064053260555
2283	769	72336	0.997064053260555
2284	763	72336	0.997064053260555
2285	762	72336	0.997064053260555
2286	755	72336	0.997064053260555
2287	744	72336	0.997064053260555
2288	742	72336	0.997064053260555
2289	721	72336	0.997064053260555
2290	713	72336	0.997064053260555
2291	712	72336	0.997064053260555
2292	702	72336	0.997064053260555
2293	701	72336	0.997064053260555
2294	694	72336	0.997064053260555
2295	693	72336	0.997064053260555
2296	686	72336	0.997064053260555
2297	681	72336	0.997064053260555
2298	670	72336	0.997064053260555
2299	664	72336	0.997064053260555
2300	661	72336	0.997064053260555
2301	653	72336	0.997064053260555
2302	651	72336	0.997064053260555
2303	640	72336	0.997064053260555
2304	621	72336	0.997064053260555
2305	621	72336	0.997064053260555
2306	618	72336	0.997064053260555
2307	607	72336	0.997064053260555
2308	601	72336	0.997064053260555
2309	601	72336	0.997064053260555
2310	595	72336	0.997064053260555
2311	581	72336	0.997064053260555
2312	578	72336	0.997064053260555
2313	576	72336	0.997064053260555
2314	572	72336	0.997064053260555
2315	569	72336	0.997064053260555
2316	566	72336	0.997064053260555
2317	562	72336	0.997064053260555
2318	561	72336	0.997064053260555
2319	556	72336	0.997064053260555
2320	555	72336	0.997064053260555
2321	550	72336	0.997064053260555
2322	549	72336	0.997064053260555
2323	540	72336	0.997064053260555
2324	533	72336	0.997064053260555
2325	522	72336	0.997064053260555
2326	521	72336	0.997064053260555
2327	517	72336	0.997064053260555
2328	513	72336	0.997064053260555
2329	511	72336	0.997064053260555
2330	504	72336	0.997064053260555
2331	488	72336	0.997064053260555
2332	488	72336	0.997064053260555
2333	481	72336	0.997064053260555
2334	481	72336	0.997064053260555
2335	481	72336	0.997064053260555
2336	473	72336	0.997064053260555
2337	472	72336	0.997064053260555
2338	471	72336	0.997064053260555
2339	466	72336	0.997064053260555
2340	465	72336	0.997064053260555
2341	455	72336	0.997064053260555
2342	455	72336	0.997064053260555
2343	450	72336	0.997064053260555
2344	447	72336	0.997064053260555
2345	444	72336	0.997064053260555
2346	441	72336	0.997064053260555
2347	439	72336	0.997064053260555
2348	437	72336	0.997064053260555
2349	431	72336	0.997064053260555
2350	422	72336	0.997064053260555
2351	420	72336	0.997064053260555
2352	417	72336	0.997064053260555
2353	409	72336	0.997064053260555
2354	401	72336	0.997064053260555
2355	397	72336	0.997064053260555
2356	392	72336	0.997064053260555
2357	389	72336	0.997064053260555
2358	386	72336	0.997064053260555
2359	384	72336	0.997064053260555
2360	380	72336	0.997064053260555
2361	380	72336	0.997064053260555
2362	368	72336	0.997064053260555
2363	367	72336	0.997064053260555
2364	364	72336	0.997064053260555
2365	358	72336	0.997064053260555
2366	357	72336	0.997064053260555
2367	353	72336	0.997064053260555
2368	353	72336	0.997064053260555
2369	349	72336	0.997064053260555
2370	348	72336	0.997064053260555
2371	345	72336	0.997064053260555
2372	339	72336	0.997064053260555
2373	336	72336	0.997064053260555
2374	331	72336	0.997064053260555
2375	326	72336	0.997064053260555
2376	321	72336	0.997064053260555
2377	320	72336	0.997064053260555
2378	316	72336	0.997064053260555
2379	315	72336	0.997064053260555
2380	310	72336	0.997064053260555
2381	299	72336	0.997064053260555
2382	297	72336	0.997064053260555
2383	292	72336	0.997064053260555
2384	282	72336	0.997064053260555
2385	280	72336	0.997064053260555
2386	279	72336	0.997064053260555
2387	277	72336	0.997064053260555
2388	277	72336	0.997064053260555
2389	273	72336	0.997064053260555
2390	271	72336	0.997064053260555
2391	271	72336	0.997064053260555
2392	260	72336	0.997064053260555
2393	259	72336	0.997064053260555
2394	255	72336	0.997064053260555
2395	254	72336	0.997064053260555
2396	252	72336	0.997064053260555
2397	250	72336	0.997064053260555
2398	245	72336	0.997064053260555
2399	244	72336	0.997064053260555
2400	241	72336	0.997064053260555
2401	231	72336	0.997064053260555
2402	227	72336	0.997064053260555
2403	220	72336	0.997064053260555
2404	216	72336	0.997064053260555
2405	214	72336	0.997064053260555
2406	213	72336	0.997064053260555
2407	213	72336	0.997064053260555
2408	209	72336	0.997064053260555
2409	206	72336	0.997064053260555
2410	205	72336	0.997064053260555
2411	203	72336	0.997064053260555
2412	202	72336	0.997064053260555
2413	199	72336	0.997064053260555
2414	198	72336	0.997064053260555
2415	194	72336	0.997064053260555
2416	191	72336	0.997064053260555
2417	188	72336	0.997064053260555
2418	185	72336	0.997064053260555
2419	180	72336	0.997064053260555
2420	178	72336	0.997064053260555
2421	175	72336	0.997064053260555
2422	175	72336	0.997064053260555
2423	173	72336	0.997064053260555
2424	171	72336	0.997064053260555
2425	168	72336	0.997064053260555
2426	167	72336	0.997064053260555
2427	165	72336	0.997064053260555
2428	163	72336	0.997064053260555
2429	163	72336	0.997064053260555
2430	163	72336	0.997064053260555
2431	158	72336	0.997064053260555
2432	154	72336	0.997064053260555
2433	148	72336	0.997064053260555
2434	147	72336	0.997064053260555
2435	146	72336	0.997064053260555
2436	143	72336	0.997064053260555
2437	137	72336	0.997064053260555
2438	133	72336	0.997064053260555
2439	127	72336	0.997064053260555
2440	126	72336	0.997064053260555
2441	120	72336	0.997064053260555
2442	118	72336	0.997064053260555
2443	117	72336	0.997064053260555
2444	116	72336	0.997064053260555
2445	115	72336	0.997064053260555
2446	111	72336	0.997064053260555
2447	110	72336	0.997064053260555
2448	109	72336	0.997064053260555
2449	105	72336	0.997064053260555
2450	101	72336	0.997064053260555
2451	96	72336	0.997064053260555
2452	95	72336	0.997064053260555
2453	94	72336	0.997064053260555
2454	94	72336	0.997064053260555
2455	94	72336	0.997064053260555
2456	92	72336	0.997064053260555
2457	92	72336	0.997064053260555
2458	91	72336	0.997064053260555
2459	91	72336	0.997064053260555
2460	91	72336	0.997064053260555
2461	91	72336	0.997064053260555
2462	87	72336	0.997064053260555
2463	85	72336	0.997064053260555
2464	83	72336	0.997064053260555
2465	82	72336	0.997064053260555
2466	82	72336	0.997064053260555
2467	80	72336	0.997064053260555
2468	78	72336	0.997064053260555
2469	78	72336	0.997064053260555
2470	77	72336	0.997064053260555
2471	76	72336	0.997064053260555
2472	75	72336	0.997064053260555
2473	75	72336	0.997064053260555
2474	74	72336	0.997064053260555
2475	74	72336	0.997064053260555
2476	72	72336	0.997064053260555
2477	72	72336	0.997064053260555
2478	71	72336	0.997064053260555
2479	64	72336	0.997064053260555
2480	63	72336	0.997064053260555
2481	63	72336	0.997064053260555
2482	62	72336	0.997064053260555
2483	62	72336	0.997064053260555
2484	62	72336	0.997064053260555
2485	60	72336	0.997064053260555
2486	58	72336	0.997064053260555
2487	58	72336	0.997064053260555
2488	55	72336	0.997064053260555
2489	54	72336	0.997064053260555
2490	53	72336	0.997064053260555
2491	51	72336	0.997064053260555
2492	49	72336	0.997064053260555
2493	45	72336	0.997064053260555
2494	44	72336	0.997064053260555
2495	44	72336	0.997064053260555
2496	43	72336	0.997064053260555
2497	43	72336	0.997064053260555
2498	43	72336	0.997064053260555
2499	42	72336	0.997064053260555
2500	41	72336	0.997064053260555
2501	40	72336	0.997064053260555
2502	40	72336	0.997064053260555
2503	40	72336	0.997064053260555
2504	40	72336	0.997064053260555
2505	39	72336	0.997064053260555
2506	38	72336	0.997064053260555
2507	38	72336	0.997064053260555
2508	37	72336	0.997064053260555
2509	36	72336	0.997064053260555
2510	34	72336	0.997064053260555
2511	34	72336	0.997064053260555
2512	33	72336	0.997064053260555
2513	33	72336	0.997064053260555
2514	33	72336	0.997064053260555
2515	32	72336	0.997064053260555
2516	32	72336	0.997064053260555
2517	32	72336	0.997064053260555
2518	31	72336	0.997064053260555
2519	29	72336	0.997064053260555
2520	29	72336	0.997064053260555
2521	29	72336	0.997064053260555
2522	27	72336	0.997064053260555
2523	26	72336	0.997064053260555
2524	22	72336	0.997064053260555
2525	22	72336	0.997064053260555
2526	20	72336	0.997064053260555
2527	20	72336	0.997064053260555
2528	18	72336	0.997064053260555
2529	17	72336	0.997064053260555
2530	16	72336	0.997064053260555
2531	16	72336	0.997064053260555
2532	15	72336	0.997064053260555
2533	0	72336	0.997064053260555
2534	0	72336	0.997064053260555
2535	0	72336	0.997064053260555
2536	0	72336	0.997064053260555
2537	0	72336	0.997064053260555
