order	fre	frePool	ratio
1	53312	53312	0.843717853355912
2	38405	56277	0.890642062449554
3	36314	56875	0.900106034469116
4	35306	57709	0.913304951967968
5	33916	58659	0.928339690126133
6	33853	58955	0.933024198015415
7	33658	59182	0.936616709133208
8	33181	59920	0.948296326776077
9	31130	60126	0.951556491050374
10	29878	60475	0.957079779068479
11	29512	60508	0.957602038393973
12	28528	60747	0.961384461993765
13	28289	60859	0.963156978492411
14	28280	61180	0.968237137385855
15	27400	61309	0.970278696567332
16	26778	61350	0.970927564214158
17	25775	61463	0.972715906752971
18	25510	61506	0.97339642648013
19	25207	61526	0.97371294728346
20	24139	61555	0.974171902448288
21	24010	61571	0.974425119090952
22	23564	61584	0.974630857613117
23	23244	61752	0.977289632361087
24	22868	61825	0.978444933293241
25	22166	61878	0.979283713422065
26	22164	61893	0.979521104024562
27	21790	61970	0.980739709117382
28	21284	62035	0.981768401728204
29	20497	62046	0.981942488170035
30	19803	62055	0.982084922531533
31	19755	62068	0.982290661053698
32	19699	62101	0.982812920379192
33	19626	62109	0.982939528700524
34	19581	62175	0.983984047351512
35	19032	62179	0.984047351512178
36	18899	62204	0.98444300251634
37	18880	62209	0.984522132717173
38	18606	62209	0.984522132717173
39	18461	62231	0.984870305600836
40	18406	62244	0.985076044123
41	18265	62258	0.985297608685331
42	18107	62259	0.985313434725497
43	17496	62276	0.985582477408328
44	17277	62276	0.985582477408328
45	16747	62276	0.985582477408328
46	16257	62282	0.985677433649327
47	16028	62283	0.985693259689493
48	16012	62293	0.985851520091158
49	15084	62298	0.98593065029199
50	14949	62300	0.985962302372323
51	14692	62300	0.985962302372323
52	14276	62304	0.986025606532989
53	14229	62304	0.986025606532989
54	14076	62321	0.98629464921582
55	14054	62325	0.986357953376486
56	13679	62327	0.986389605456819
57	13659	62330	0.986437083577318
58	13381	62330	0.986437083577318
59	13300	62333	0.986484561697818
60	13138	62335	0.986516213778151
61	13021	62344	0.986658648139649
62	12931	62353	0.986801082501147
63	12873	62397	0.987497428268473
64	12843	62397	0.987497428268473
65	12831	62397	0.987497428268473
66	12819	62397	0.987497428268473
67	12495	62399	0.987529080348806
68	12477	62409	0.987687340750471
69	12296	62422	0.987893079272635
70	12142	62423	0.987908905312802
71	11989	62432	0.9880513396743
72	11816	62465	0.988573598999794
73	11605	62467	0.988605251080127
74	11601	62467	0.988605251080127
75	11557	62470	0.988652729200627
76	11316	62472	0.98868438128096
77	11090	62490	0.988969250003957
78	11065	62491	0.988985076044123
79	11001	62493	0.989016728124456
80	10984	62493	0.989016728124456
81	10942	62502	0.989159162485954
82	10726	62551	0.989934638454112
83	10281	62553	0.989966290534445
84	10167	62553	0.989966290534445
85	10083	62553	0.989966290534445
86	10037	62553	0.989966290534445
87	9911	62556	0.990013768654945
88	9694	62559	0.990061246775444
89	9591	62574	0.990298637377942
90	9508	62576	0.990330289458275
91	9376	62580	0.990393593618941
92	9275	62584	0.990456897779607
93	9256	62584	0.990456897779607
94	9171	62622	0.991058287305933
95	8869	62623	0.9910741133461
96	8816	62623	0.9910741133461
97	8741	62623	0.9910741133461
98	8676	62624	0.991089939386266
99	8606	62624	0.991089939386266
100	8448	62624	0.991089939386266
101	8446	62626	0.991121591466599
102	8405	62626	0.991121591466599
103	8297	62626	0.991121591466599
104	8280	62628	0.991153243546932
105	8270	62630	0.991184895627265
106	8231	62631	0.991200721667432
107	8229	62631	0.991200721667432
108	8175	62634	0.991248199787931
109	8121	62642	0.991374808109263
110	8064	62642	0.991374808109263
111	8027	62643	0.99139063414943
112	7858	62643	0.99139063414943
113	7768	62643	0.99139063414943
114	7652	62645	0.991422286229762
115	7645	62645	0.991422286229762
116	7606	62657	0.99161219871176
117	7535	62657	0.99161219871176
118	7483	62658	0.991628024751927
119	7478	62658	0.991628024751927
120	7431	62664	0.991722980992926
121	7426	62664	0.991722980992926
122	7404	62664	0.991722980992926
123	7391	62667	0.991770459113425
124	7385	62667	0.991770459113425
125	7377	62667	0.991770459113425
126	7358	62667	0.991770459113425
127	7357	62667	0.991770459113425
128	7303	62667	0.991770459113425
129	7285	62667	0.991770459113425
130	7248	62667	0.991770459113425
131	7233	62667	0.991770459113425
132	7232	62667	0.991770459113425
133	7095	62670	0.991817937233925
134	7094	62752	0.993115672527577
135	7058	62752	0.993115672527577
136	7054	62756	0.993178976688243
137	7050	62761	0.993258106889075
138	7031	62761	0.993258106889075
139	7028	62761	0.993258106889075
140	6946	62761	0.993258106889075
141	6887	62761	0.993258106889075
142	6883	62762	0.993273932929242
143	6878	62762	0.993273932929242
144	6870	62782	0.993590453732572
145	6867	62785	0.993637931853071
146	6864	62785	0.993637931853071
147	6818	62785	0.993637931853071
148	6755	62902	0.99548957855255
149	6721	62902	0.99548957855255
150	6720	62902	0.99548957855255
151	6708	62902	0.99548957855255
152	6697	62907	0.995568708753383
153	6692	62907	0.995568708753383
154	6669	62908	0.995584534793549
155	6636	62908	0.995584534793549
156	6610	62908	0.995584534793549
157	6567	62908	0.995584534793549
158	6557	62908	0.995584534793549
159	6536	62908	0.995584534793549
160	6524	62908	0.995584534793549
161	6523	62914	0.995679491034548
162	6476	62914	0.995679491034548
163	6438	62927	0.995885229556713
164	6430	62927	0.995885229556713
165	6424	62927	0.995885229556713
166	6423	62933	0.995980185797712
167	6413	62934	0.995996011837878
168	6404	62935	0.996011837878044
169	6393	62947	0.996201750360042
170	6380	62947	0.996201750360042
171	6375	62956	0.996344184721541
172	6372	62958	0.996375836801874
173	6367	62958	0.996375836801874
174	6358	62958	0.996375836801874
175	6337	62963	0.996454967002706
176	6336	62966	0.996502445123206
177	6328	62966	0.996502445123206
178	6328	62969	0.996549923243705
179	6315	62972	0.996597401364205
180	6288	62972	0.996597401364205
181	6283	62975	0.996644879484704
182	6272	62979	0.99670818364537
183	6268	62980	0.996724009685537
184	6255	63004	0.997103834649532
185	6254	63004	0.997103834649532
186	6254	63004	0.997103834649532
187	6253	63004	0.997103834649532
188	6250	63004	0.997103834649532
189	6239	63004	0.997103834649532
190	6227	63004	0.997103834649532
191	6225	63007	0.997151312770032
192	6224	63008	0.997167138810198
193	6222	63008	0.997167138810198
194	6212	63008	0.997167138810198
195	6206	63008	0.997167138810198
196	6206	63008	0.997167138810198
197	6204	63008	0.997167138810198
198	6201	63008	0.997167138810198
199	6199	63008	0.997167138810198
200	6196	63009	0.997182964850365
201	6196	63009	0.997182964850365
202	6194	63009	0.997182964850365
203	6192	63009	0.997182964850365
204	6182	63012	0.997230442970864
205	6178	63012	0.997230442970864
206	6173	63012	0.997230442970864
207	6166	63012	0.997230442970864
208	6166	63012	0.997230442970864
209	6164	63012	0.997230442970864
210	6157	63013	0.997246269011031
211	6156	63013	0.997246269011031
212	6148	63013	0.997246269011031
213	6146	63014	0.997262095051197
214	6143	63014	0.997262095051197
215	6141	63014	0.997262095051197
216	6140	63014	0.997262095051197
217	6137	63014	0.997262095051197
218	6133	63014	0.997262095051197
219	6133	63017	0.997309573171697
220	6128	63017	0.997309573171697
221	6118	63017	0.997309573171697
222	6116	63017	0.997309573171697
223	6116	63017	0.997309573171697
224	6113	63018	0.997325399211863
225	6106	63018	0.997325399211863
226	6103	63018	0.997325399211863
227	6101	63018	0.997325399211863
228	6089	63018	0.997325399211863
229	6086	63018	0.997325399211863
230	6082	63018	0.997325399211863
231	6082	63018	0.997325399211863
232	6080	63018	0.997325399211863
233	6069	63018	0.997325399211863
234	6064	63018	0.997325399211863
235	6051	63020	0.997357051292196
236	6044	63020	0.997357051292196
237	6039	63020	0.997357051292196
238	6036	63027	0.997467833573362
239	6031	63029	0.997499485653695
240	6031	63029	0.997499485653695
241	6029	63029	0.997499485653695
242	6023	63029	0.997499485653695
243	6020	63029	0.997499485653695
244	6014	63029	0.997499485653695
245	6014	63029	0.997499485653695
246	6009	63029	0.997499485653695
247	6008	63029	0.997499485653695
248	6005	63032	0.997546963774194
249	6000	63032	0.997546963774194
250	6000	63032	0.997546963774194
251	5992	63032	0.997546963774194
252	5992	63032	0.997546963774194
253	5987	63032	0.997546963774194
254	5983	63032	0.997546963774194
255	5977	63032	0.997546963774194
256	5969	63032	0.997546963774194
257	5967	63032	0.997546963774194
258	5948	63032	0.997546963774194
259	5944	63032	0.997546963774194
260	5942	63032	0.997546963774194
261	5938	63032	0.997546963774194
262	5916	63032	0.997546963774194
263	5909	63032	0.997546963774194
264	5899	63032	0.997546963774194
265	5898	63032	0.997546963774194
266	5877	63032	0.997546963774194
267	5865	63032	0.997546963774194
268	5849	63032	0.997546963774194
269	5846	63033	0.997562789814361
270	5843	63033	0.997562789814361
271	5841	63033	0.997562789814361
272	5830	63033	0.997562789814361
273	5828	63037	0.997626093975027
274	5810	63037	0.997626093975027
275	5807	63037	0.997626093975027
276	5804	63037	0.997626093975027
277	5804	63037	0.997626093975027
278	5786	63037	0.997626093975027
279	5782	63037	0.997626093975027
280	5780	63038	0.997641920015193
281	5778	63038	0.997641920015193
282	5777	63038	0.997641920015193
283	5774	63038	0.997641920015193
284	5758	63038	0.997641920015193
285	5758	63038	0.997641920015193
286	5740	63038	0.997641920015193
287	5740	63038	0.997641920015193
288	5735	63038	0.997641920015193
289	5726	63038	0.997641920015193
290	5714	63044	0.997736876256192
291	5697	63044	0.997736876256192
292	5692	63044	0.997736876256192
293	5685	63044	0.997736876256192
294	5683	63044	0.997736876256192
295	5661	63044	0.997736876256192
296	5633	63044	0.997736876256192
297	5630	63044	0.997736876256192
298	5615	63044	0.997736876256192
299	5610	63044	0.997736876256192
300	5603	63044	0.997736876256192
301	5592	63044	0.997736876256192
302	5584	63044	0.997736876256192
303	5579	63047	0.997784354376691
304	5576	63047	0.997784354376691
305	5574	63047	0.997784354376691
306	5561	63047	0.997784354376691
307	5560	63047	0.997784354376691
308	5559	63049	0.997816006457024
309	5543	63049	0.997816006457024
310	5534	63050	0.997831832497191
311	5502	63054	0.997895136657857
312	5465	63054	0.997895136657857
313	5463	63054	0.997895136657857
314	5456	63054	0.997895136657857
315	5447	63054	0.997895136657857
316	5438	63054	0.997895136657857
317	5436	63054	0.997895136657857
318	5433	63054	0.997895136657857
319	5429	63058	0.997958440818523
320	5423	63058	0.997958440818523
321	5420	63058	0.997958440818523
322	5417	63058	0.997958440818523
323	5416	63058	0.997958440818523
324	5414	63058	0.997958440818523
325	5405	63058	0.997958440818523
326	5373	63058	0.997958440818523
327	5366	63061	0.998005918939022
328	5365	63061	0.998005918939022
329	5357	63061	0.998005918939022
330	5353	63076	0.99824330954152
331	5337	63076	0.99824330954152
332	5317	63076	0.99824330954152
333	5307	63082	0.998338265782519
334	5305	63085	0.998385743903018
335	5304	63085	0.998385743903018
336	5298	63085	0.998385743903018
337	5266	63085	0.998385743903018
338	5265	63085	0.998385743903018
339	5253	63085	0.998385743903018
340	5246	63085	0.998385743903018
341	5217	63085	0.998385743903018
342	5210	63085	0.998385743903018
343	5206	63086	0.998401569943185
344	5198	63090	0.99846487410385
345	5190	63090	0.99846487410385
346	5183	63090	0.99846487410385
347	5180	63090	0.99846487410385
348	5179	63090	0.99846487410385
349	5174	63094	0.998528178264516
350	5171	63094	0.998528178264516
351	5165	63094	0.998528178264516
352	5152	63094	0.998528178264516
353	5144	63094	0.998528178264516
354	5134	63094	0.998528178264516
355	5118	63094	0.998528178264516
356	5116	63099	0.998607308465349
357	5115	63101	0.998638960545682
358	5109	63101	0.998638960545682
359	5098	63101	0.998638960545682
360	5097	63101	0.998638960545682
361	5096	63101	0.998638960545682
362	5089	63101	0.998638960545682
363	5088	63101	0.998638960545682
364	5087	63101	0.998638960545682
365	5077	63105	0.998702264706348
366	5042	63105	0.998702264706348
367	5041	63105	0.998702264706348
368	5033	63105	0.998702264706348
369	5026	63105	0.998702264706348
370	5026	63105	0.998702264706348
371	5008	63105	0.998702264706348
372	4963	63105	0.998702264706348
373	4946	63105	0.998702264706348
374	4935	63106	0.998718090746514
375	4930	63108	0.998749742826847
376	4927	63108	0.998749742826847
377	4923	63108	0.998749742826847
378	4919	63108	0.998749742826847
379	4898	63108	0.998749742826847
380	4898	63108	0.998749742826847
381	4889	63109	0.998765568867014
382	4886	63109	0.998765568867014
383	4879	63109	0.998765568867014
384	4872	63111	0.998797220947347
385	4863	63111	0.998797220947347
386	4861	63111	0.998797220947347
387	4849	63116	0.998876351148179
388	4835	63116	0.998876351148179
389	4835	63116	0.998876351148179
390	4831	63116	0.998876351148179
391	4829	63116	0.998876351148179
392	4825	63116	0.998876351148179
393	4823	63116	0.998876351148179
394	4817	63116	0.998876351148179
395	4811	63117	0.998892177188346
396	4806	63117	0.998892177188346
397	4775	63117	0.998892177188346
398	4768	63117	0.998892177188346
399	4726	63117	0.998892177188346
400	4722	63117	0.998892177188346
401	4714	63117	0.998892177188346
402	4703	63117	0.998892177188346
403	4700	63117	0.998892177188346
404	4688	63117	0.998892177188346
405	4665	63117	0.998892177188346
406	4642	63119	0.998923829268679
407	4641	63119	0.998923829268679
408	4633	63119	0.998923829268679
409	4633	63119	0.998923829268679
410	4613	63119	0.998923829268679
411	4593	63121	0.998955481349012
412	4585	63121	0.998955481349012
413	4576	63121	0.998955481349012
414	4546	63121	0.998955481349012
415	4515	63121	0.998955481349012
416	4494	63121	0.998955481349012
417	4486	63121	0.998955481349012
418	4479	63121	0.998955481349012
419	4469	63124	0.999002959469511
420	4465	63124	0.999002959469511
421	4450	63124	0.999002959469511
422	4448	63124	0.999002959469511
423	4441	63124	0.999002959469511
424	4420	63124	0.999002959469511
425	4408	63124	0.999002959469511
426	4397	63124	0.999002959469511
427	4391	63124	0.999002959469511
428	4384	63124	0.999002959469511
429	4374	63124	0.999002959469511
430	4362	63124	0.999002959469511
431	4355	63124	0.999002959469511
432	4348	63124	0.999002959469511
433	4346	63124	0.999002959469511
434	4333	63124	0.999002959469511
435	4310	63124	0.999002959469511
436	4297	63125	0.999018785509678
437	4273	63125	0.999018785509678
438	4238	63125	0.999018785509678
439	4235	63125	0.999018785509678
440	4230	63127	0.999050437590011
441	4220	63127	0.999050437590011
442	4215	63127	0.999050437590011
443	4204	63127	0.999050437590011
444	4201	63127	0.999050437590011
445	4199	63127	0.999050437590011
446	4137	63127	0.999050437590011
447	4136	63127	0.999050437590011
448	4133	63127	0.999050437590011
449	4129	63127	0.999050437590011
450	4119	63127	0.999050437590011
451	4104	63130	0.99909791571051
452	4097	63130	0.99909791571051
453	4062	63135	0.999177045911342
454	4053	63135	0.999177045911342
455	4046	63135	0.999177045911342
456	4044	63135	0.999177045911342
457	4039	63135	0.999177045911342
458	3977	63135	0.999177045911342
459	3966	63135	0.999177045911342
460	3941	63135	0.999177045911342
461	3934	63135	0.999177045911342
462	3925	63135	0.999177045911342
463	3917	63135	0.999177045911342
464	3915	63135	0.999177045911342
465	3911	63136	0.999192871951509
466	3907	63136	0.999192871951509
467	3903	63136	0.999192871951509
468	3899	63143	0.999303654232674
469	3896	63143	0.999303654232674
470	3887	63143	0.999303654232674
471	3884	63143	0.999303654232674
472	3882	63143	0.999303654232674
473	3878	63143	0.999303654232674
474	3869	63143	0.999303654232674
475	3867	63143	0.999303654232674
476	3866	63143	0.999303654232674
477	3852	63143	0.999303654232674
478	3846	63143	0.999303654232674
479	3844	63143	0.999303654232674
480	3800	63147	0.99936695839334
481	3790	63147	0.99936695839334
482	3783	63148	0.999382784433507
483	3782	63148	0.999382784433507
484	3771	63148	0.999382784433507
485	3766	63148	0.999382784433507
486	3764	63148	0.999382784433507
487	3755	63148	0.999382784433507
488	3744	63155	0.999493566714672
489	3727	63155	0.999493566714672
490	3696	63155	0.999493566714672
491	3693	63155	0.999493566714672
492	3684	63155	0.999493566714672
493	3665	63155	0.999493566714672
494	3658	63155	0.999493566714672
495	3655	63155	0.999493566714672
496	3650	63155	0.999493566714672
497	3649	63155	0.999493566714672
498	3637	63155	0.999493566714672
499	3635	63155	0.999493566714672
500	3633	63155	0.999493566714672
501	3612	63155	0.999493566714672
502	3611	63155	0.999493566714672
503	3611	63155	0.999493566714672
504	3601	63155	0.999493566714672
505	3583	63155	0.999493566714672
506	3575	63155	0.999493566714672
507	3564	63155	0.999493566714672
508	3555	63155	0.999493566714672
509	3543	63155	0.999493566714672
510	3541	63155	0.999493566714672
511	3533	63155	0.999493566714672
512	3533	63157	0.999525218795005
513	3532	63158	0.999541044835172
514	3531	63161	0.999588522955671
515	3516	63161	0.999588522955671
516	3508	63161	0.999588522955671
517	3496	63161	0.999588522955671
518	3472	63167	0.99968347919667
519	3458	63167	0.99968347919667
520	3446	63167	0.99968347919667
521	3441	63167	0.99968347919667
522	3427	63167	0.99968347919667
523	3426	63167	0.99968347919667
524	3425	63167	0.99968347919667
525	3412	63167	0.99968347919667
526	3389	63167	0.99968347919667
527	3383	63167	0.99968347919667
528	3364	63167	0.99968347919667
529	3348	63167	0.99968347919667
530	3336	63167	0.99968347919667
531	3335	63167	0.99968347919667
532	3334	63167	0.99968347919667
533	3321	63167	0.99968347919667
534	3303	63167	0.99968347919667
535	3298	63167	0.99968347919667
536	3297	63167	0.99968347919667
537	3283	63167	0.99968347919667
538	3265	63167	0.99968347919667
539	3253	63167	0.99968347919667
540	3227	63167	0.99968347919667
541	3220	63167	0.99968347919667
542	3205	63167	0.99968347919667
543	3188	63167	0.99968347919667
544	3164	63167	0.99968347919667
545	3155	63167	0.99968347919667
546	3145	63167	0.99968347919667
547	3137	63167	0.99968347919667
548	3083	63168	0.999699305236837
549	3074	63168	0.999699305236837
550	3057	63171	0.999746783357336
551	3020	63171	0.999746783357336
552	3014	63171	0.999746783357336
553	2978	63171	0.999746783357336
554	2971	63171	0.999746783357336
555	2932	63171	0.999746783357336
556	2930	63171	0.999746783357336
557	2930	63171	0.999746783357336
558	2918	63171	0.999746783357336
559	2914	63171	0.999746783357336
560	2910	63171	0.999746783357336
561	2903	63171	0.999746783357336
562	2886	63176	0.999825913558169
563	2885	63176	0.999825913558169
564	2877	63176	0.999825913558169
565	2832	63176	0.999825913558169
566	2814	63176	0.999825913558169
567	2804	63176	0.999825913558169
568	2793	63176	0.999825913558169
569	2777	63176	0.999825913558169
570	2751	63176	0.999825913558169
571	2721	63176	0.999825913558169
572	2671	63176	0.999825913558169
573	2658	63177	0.999841739598335
574	2649	63177	0.999841739598335
575	2647	63177	0.999841739598335
576	2626	63177	0.999841739598335
577	2624	63177	0.999841739598335
578	2623	63177	0.999841739598335
579	2594	63177	0.999841739598335
580	2590	63177	0.999841739598335
581	2584	63177	0.999841739598335
582	2559	63177	0.999841739598335
583	2549	63177	0.999841739598335
584	2469	63177	0.999841739598335
585	2465	63177	0.999841739598335
586	2457	63177	0.999841739598335
587	2453	63177	0.999841739598335
588	2436	63177	0.999841739598335
589	2427	63178	0.999857565638502
590	2422	63178	0.999857565638502
591	2409	63178	0.999857565638502
592	2403	63178	0.999857565638502
593	2394	63178	0.999857565638502
594	2350	63178	0.999857565638502
595	2328	63178	0.999857565638502
596	2270	63182	0.999920869799167
597	2261	63182	0.999920869799167
598	2246	63182	0.999920869799167
599	2213	63182	0.999920869799167
600	2192	63182	0.999920869799167
601	2192	63182	0.999920869799167
602	2190	63182	0.999920869799167
603	2166	63182	0.999920869799167
604	2135	63182	0.999920869799167
605	2124	63182	0.999920869799167
606	2090	63182	0.999920869799167
607	2069	63182	0.999920869799167
608	2060	63182	0.999920869799167
609	2056	63182	0.999920869799167
610	2007	63182	0.999920869799167
611	1971	63182	0.999920869799167
612	1971	63182	0.999920869799167
613	1953	63182	0.999920869799167
614	1941	63182	0.999920869799167
615	1926	63182	0.999920869799167
616	1912	63182	0.999920869799167
617	1912	63182	0.999920869799167
618	1902	63182	0.999920869799167
619	1881	63182	0.999920869799167
620	1869	63182	0.999920869799167
621	1860	63182	0.999920869799167
622	1858	63182	0.999920869799167
623	1825	63182	0.999920869799167
624	1803	63182	0.999920869799167
625	1753	63182	0.999920869799167
626	1751	63182	0.999920869799167
627	1748	63182	0.999920869799167
628	1730	63182	0.999920869799167
629	1727	63182	0.999920869799167
630	1699	63182	0.999920869799167
631	1683	63182	0.999920869799167
632	1681	63182	0.999920869799167
633	1661	63182	0.999920869799167
634	1649	63182	0.999920869799167
635	1623	63182	0.999920869799167
636	1609	63182	0.999920869799167
637	1564	63182	0.999920869799167
638	1562	63182	0.999920869799167
639	1562	63182	0.999920869799167
640	1520	63182	0.999920869799167
641	1517	63182	0.999920869799167
642	1494	63182	0.999920869799167
643	1430	63182	0.999920869799167
644	1414	63182	0.999920869799167
645	1409	63182	0.999920869799167
646	1383	63182	0.999920869799167
647	1373	63182	0.999920869799167
648	1331	63182	0.999920869799167
649	1309	63182	0.999920869799167
650	1307	63182	0.999920869799167
651	1305	63182	0.999920869799167
652	1257	63182	0.999920869799167
653	1255	63182	0.999920869799167
654	1227	63182	0.999920869799167
655	1194	63186	0.999984173959834
656	1186	63186	0.999984173959834
657	1180	63187	1
658	1176	63187	1
659	1173	63187	1
660	1139	63187	1
661	1131	63187	1
662	1123	63187	1
663	1118	63187	1
664	1088	63187	1
665	1078	63187	1
666	1066	63187	1
667	1065	63187	1
668	1024	63187	1
669	1004	63187	1
670	1000	63187	1
671	987	63187	1
672	985	63187	1
673	983	63187	1
674	972	63187	1
675	939	63187	1
676	925	63187	1
677	901	63187	1
678	865	63187	1
679	861	63187	1
680	857	63187	1
681	852	63187	1
682	846	63187	1
683	831	63187	1
684	814	63187	1
685	802	63187	1
686	753	63187	1
687	721	63187	1
688	715	63187	1
689	714	63187	1
690	707	63187	1
691	706	63187	1
692	703	63187	1
693	699	63187	1
694	689	63187	1
695	629	63187	1
696	614	63187	1
697	605	63187	1
698	579	63187	1
699	564	63187	1
700	561	63187	1
701	533	63187	1
702	530	63187	1
703	526	63187	1
704	524	63187	1
705	524	63187	1
706	516	63187	1
707	513	63187	1
708	503	63187	1
709	489	63187	1
710	473	63187	1
711	468	63187	1
712	467	63187	1
713	441	63187	1
714	434	63187	1
715	430	63187	1
716	428	63187	1
717	401	63187	1
718	373	63187	1
719	356	63187	1
720	347	63187	1
721	345	63187	1
722	330	63187	1
723	328	63187	1
724	328	63187	1
725	314	63187	1
726	310	63187	1
727	309	63187	1
728	300	63187	1
729	284	63187	1
730	279	63187	1
731	270	63187	1
732	258	63187	1
733	253	63187	1
734	253	63187	1
735	246	63187	1
736	237	63187	1
737	218	63187	1
738	206	63187	1
739	194	63187	1
740	187	63187	1
741	179	63187	1
742	179	63187	1
743	168	63187	1
744	164	63187	1
745	159	63187	1
746	158	63187	1
747	156	63187	1
748	145	63187	1
749	141	63187	1
750	123	63187	1
751	121	63187	1
752	118	63187	1
753	110	63187	1
754	98	63187	1
755	95	63187	1
756	81	63187	1
757	73	63187	1
758	72	63187	1
759	69	63187	1
760	60	63187	1
761	47	63187	1
762	39	63187	1
763	29	63187	1
764	25	63187	1
765	19	63187	1
766	16	63187	1
767	12	63187	1
768	4	63187	1
769	4	63187	1
770	4	63187	1
771	0	63187	1
772	0	63187	1
773	0	63187	1
774	0	63187	1
775	0	63187	1
776	0	63187	1
777	0	63187	1
778	0	63187	1
779	0	63187	1
