order	fre	frePool	ratio
1	14433	14433	0.433397393549937
2	13755	20555	0.617230196384602
3	13156	21891	0.657347907032611
4	13123	22741	0.68287189958561
5	12668	23168	0.695693952315176
6	12559	23333	0.700648609693111
7	11820	23422	0.703321121854543
8	11766	23487	0.705272956579184
9	11645	23545	0.707014593718095
10	11508	24032	0.721638340039637
11	11501	24073	0.722869497327488
12	11146	24100	0.723680259443877
13	11022	24105	0.723830400576542
14	10645	24255	0.728334634556483
15	10522	24945	0.749054110864212
16	10249	26310	0.790042640081677
17	10245	26311	0.79007266830821
18	10141	26321	0.790372950573539
19	10015	26346	0.791123656236863
20	9952	26368	0.791784277220587
21	9866	27172	0.815926971353072
22	9798	27194	0.816587592336797
23	9354	27250	0.818269173022641
24	9283	27489	0.825445919164014
25	9256	27491	0.82550597561708
26	9245	27493	0.825566032070146
27	9085	27509	0.826046483694673
28	9065	27533	0.826767161131464
29	9046	27570	0.827878205513182
30	8997	27588	0.828418713590775
31	8869	27588	0.828418713590775
32	8867	27591	0.828508798270374
33	8597	27612	0.829139391027566
34	8554	27624	0.829499729745961
35	8540	27641	0.830010209597021
36	8478	27658	0.830520689448081
37	8450	27659	0.830550717674614
38	8441	32580	0.978319620443217
39	8396	32671	0.981052189057714
40	8351	32675	0.981172301963846
41	8345	32696	0.981802894721038
42	8317	32711	0.982253318119032
43	8289	32730	0.982823854423158
44	8246	32730	0.982823854423158
45	8197	32733	0.982913939102757
46	8190	32733	0.982913939102757
47	8175	32750	0.983424418953817
48	8047	32755	0.983574560086481
49	8022	32767	0.983934898804877
50	8014	32767	0.983934898804877
51	7983	32768	0.983964927031409
52	7947	32770	0.984024983484475
53	7906	32771	0.984055011711008
54	7873	32775	0.98417512461714
55	7819	32790	0.984625548015134
56	7806	32790	0.984625548015134
57	7789	32797	0.984835745600865
58	7773	32798	0.984865773827398
59	7691	32807	0.985136027866194
60	7676	32822	0.985586451264188
61	7662	32828	0.985766620623386
62	7612	32829	0.985796648849919
63	7599	32831	0.985856705302985
64	7590	32832	0.985886733529518
65	7582	32833	0.985916761756051
66	7444	32833	0.985916761756051
67	7410	32833	0.985916761756051
68	7260	32833	0.985916761756051
69	7200	32833	0.985916761756051
70	7149	32839	0.986096931115248
71	7139	32845	0.986277100474446
72	7124	32845	0.986277100474446
73	7120	32845	0.986277100474446
74	7006	32889	0.987598342441895
75	6992	32889	0.987598342441895
76	6903	32889	0.987598342441895
77	6886	32895	0.987778511801093
78	6877	32895	0.987778511801093
79	6874	32895	0.987778511801093
80	6828	32907	0.988138850519488
81	6750	32911	0.98825896342562
82	6733	32914	0.988349048105219
83	6682	32914	0.988349048105219
84	6672	32914	0.988349048105219
85	6659	32914	0.988349048105219
86	6628	32914	0.988349048105219
87	6623	32914	0.988349048105219
88	6609	32914	0.988349048105219
89	6608	32914	0.988349048105219
90	6566	32914	0.988349048105219
91	6541	32914	0.988349048105219
92	6507	32918	0.988469161011351
93	6495	32920	0.988529217464417
94	6482	32922	0.988589273917482
95	6459	32924	0.988649330370548
96	6459	32924	0.988649330370548
97	6419	32924	0.988649330370548
98	6316	32924	0.988649330370548
99	6287	32924	0.988649330370548
100	6268	32928	0.98876944327668
101	6241	32929	0.988799471503213
102	6230	32929	0.988799471503213
103	6176	32929	0.988799471503213
104	6136	32929	0.988799471503213
105	6124	32929	0.988799471503213
106	6112	32929	0.988799471503213
107	6103	32929	0.988799471503213
108	6088	32929	0.988799471503213
109	6071	32929	0.988799471503213
110	6055	32929	0.988799471503213
111	5889	32929	0.988799471503213
112	5850	32929	0.988799471503213
113	5840	32929	0.988799471503213
114	5818	32929	0.988799471503213
115	5811	32929	0.988799471503213
116	5780	32935	0.988979640862411
117	5750	32935	0.988979640862411
118	5742	32935	0.988979640862411
119	5732	32935	0.988979640862411
120	5716	32937	0.989039697315477
121	5677	32937	0.989039697315477
122	5661	32937	0.989039697315477
123	5636	32937	0.989039697315477
124	5632	32937	0.989039697315477
125	5597	32937	0.989039697315477
126	5585	32937	0.989039697315477
127	5566	32937	0.989039697315477
128	5539	32937	0.989039697315477
129	5449	32937	0.989039697315477
130	5390	32937	0.989039697315477
131	5341	32938	0.989069725542009
132	5334	32938	0.989069725542009
133	5303	32938	0.989069725542009
134	5288	32938	0.989069725542009
135	5286	32938	0.989069725542009
136	5260	32938	0.989069725542009
137	5202	32938	0.989069725542009
138	5184	32938	0.989069725542009
139	5155	32938	0.989069725542009
140	5077	32938	0.989069725542009
141	5049	32938	0.989069725542009
142	5036	32938	0.989069725542009
143	4999	32938	0.989069725542009
144	4969	32939	0.989099753768542
145	4967	32939	0.989099753768542
146	4952	32939	0.989099753768542
147	4948	32939	0.989099753768542
148	4922	32939	0.989099753768542
149	4916	32940	0.989129781995075
150	4904	32940	0.989129781995075
151	4902	32940	0.989129781995075
152	4882	32943	0.989219866674674
153	4878	32944	0.989249894901207
154	4855	32944	0.989249894901207
155	4831	32944	0.989249894901207
156	4821	32944	0.989249894901207
157	4804	32944	0.989249894901207
158	4779	32944	0.989249894901207
159	4700	32944	0.989249894901207
160	4687	32945	0.98927992312774
161	4662	32945	0.98927992312774
162	4662	32945	0.98927992312774
163	4651	32945	0.98927992312774
164	4649	32945	0.98927992312774
165	4623	32945	0.98927992312774
166	4599	32945	0.98927992312774
167	4598	32945	0.98927992312774
168	4591	32945	0.98927992312774
169	4575	32945	0.98927992312774
170	4567	32945	0.98927992312774
171	4533	32945	0.98927992312774
172	4508	32945	0.98927992312774
173	4497	32945	0.98927992312774
174	4493	32945	0.98927992312774
175	4472	32945	0.98927992312774
176	4468	32945	0.98927992312774
177	4449	32945	0.98927992312774
178	4449	32945	0.98927992312774
179	4419	32945	0.98927992312774
180	4381	32945	0.98927992312774
181	4380	32945	0.98927992312774
182	4364	32947	0.989339979580806
183	4355	32947	0.989339979580806
184	4347	32947	0.989339979580806
185	4334	32947	0.989339979580806
186	4323	32948	0.989370007807339
187	4305	32948	0.989370007807339
188	4298	32948	0.989370007807339
189	4298	32949	0.989400036033872
190	4262	32949	0.989400036033872
191	4255	32949	0.989400036033872
192	4242	32949	0.989400036033872
193	4224	32949	0.989400036033872
194	4211	32949	0.989400036033872
195	4180	32949	0.989400036033872
196	4127	32949	0.989400036033872
197	4126	32949	0.989400036033872
198	4117	32949	0.989400036033872
199	4088	32949	0.989400036033872
200	4079	32949	0.989400036033872
201	4077	32949	0.989400036033872
202	4070	32949	0.989400036033872
203	4064	32949	0.989400036033872
204	4058	32949	0.989400036033872
205	4047	32949	0.989400036033872
206	4042	32949	0.989400036033872
207	4033	32949	0.989400036033872
208	4029	32949	0.989400036033872
209	4028	32949	0.989400036033872
210	4024	32949	0.989400036033872
211	4024	32949	0.989400036033872
212	4015	32949	0.989400036033872
213	3997	32949	0.989400036033872
214	3989	32949	0.989400036033872
215	3977	32949	0.989400036033872
216	3971	32949	0.989400036033872
217	3968	32949	0.989400036033872
218	3958	32949	0.989400036033872
219	3957	32949	0.989400036033872
220	3945	32949	0.989400036033872
221	3933	32949	0.989400036033872
222	3921	32949	0.989400036033872
223	3913	32949	0.989400036033872
224	3911	32949	0.989400036033872
225	3908	32949	0.989400036033872
226	3905	32949	0.989400036033872
227	3888	32949	0.989400036033872
228	3880	32949	0.989400036033872
229	3880	32949	0.989400036033872
230	3836	32949	0.989400036033872
231	3830	32949	0.989400036033872
232	3828	32949	0.989400036033872
233	3821	32949	0.989400036033872
234	3816	32949	0.989400036033872
235	3809	32949	0.989400036033872
236	3808	32949	0.989400036033872
237	3803	32949	0.989400036033872
238	3802	32954	0.989550177166537
239	3794	32954	0.989550177166537
240	3792	32954	0.989550177166537
241	3775	32954	0.989550177166537
242	3759	32956	0.989610233619602
243	3754	32956	0.989610233619602
244	3753	32956	0.989610233619602
245	3753	32956	0.989610233619602
246	3752	32956	0.989610233619602
247	3751	32956	0.989610233619602
248	3751	32956	0.989610233619602
249	3748	32956	0.989610233619602
250	3748	32956	0.989610233619602
251	3748	32956	0.989610233619602
252	3746	32956	0.989610233619602
253	3744	32956	0.989610233619602
254	3742	32956	0.989610233619602
255	3736	32956	0.989610233619602
256	3735	32956	0.989610233619602
257	3734	32956	0.989610233619602
258	3733	32956	0.989610233619602
259	3729	32956	0.989610233619602
260	3728	32958	0.989670290072668
261	3714	32958	0.989670290072668
262	3709	32958	0.989670290072668
263	3706	32958	0.989670290072668
264	3704	32958	0.989670290072668
265	3704	32958	0.989670290072668
266	3702	32958	0.989670290072668
267	3695	32958	0.989670290072668
268	3692	32958	0.989670290072668
269	3691	32958	0.989670290072668
270	3687	32958	0.989670290072668
271	3675	32958	0.989670290072668
272	3674	32958	0.989670290072668
273	3672	32958	0.989670290072668
274	3667	32958	0.989670290072668
275	3662	32958	0.989670290072668
276	3659	32958	0.989670290072668
277	3650	32958	0.989670290072668
278	3648	32958	0.989670290072668
279	3648	32958	0.989670290072668
280	3647	32958	0.989670290072668
281	3638	32958	0.989670290072668
282	3637	32963	0.989820431205333
283	3631	32963	0.989820431205333
284	3619	32963	0.989820431205333
285	3609	32963	0.989820431205333
286	3608	32963	0.989820431205333
287	3594	32963	0.989820431205333
288	3591	32963	0.989820431205333
289	3581	32963	0.989820431205333
290	3568	32963	0.989820431205333
291	3568	32963	0.989820431205333
292	3556	32963	0.989820431205333
293	3551	32963	0.989820431205333
294	3547	32964	0.989850459431866
295	3546	32964	0.989850459431866
296	3532	32964	0.989850459431866
297	3530	32964	0.989850459431866
298	3528	32964	0.989850459431866
299	3526	32964	0.989850459431866
300	3522	32964	0.989850459431866
301	3521	32964	0.989850459431866
302	3510	32964	0.989850459431866
303	3507	32964	0.989850459431866
304	3497	32964	0.989850459431866
305	3482	32964	0.989850459431866
306	3468	32964	0.989850459431866
307	3434	32964	0.989850459431866
308	3426	32964	0.989850459431866
309	3416	32964	0.989850459431866
310	3398	32964	0.989850459431866
311	3387	32964	0.989850459431866
312	3383	32964	0.989850459431866
313	3381	32964	0.989850459431866
314	3379	32964	0.989850459431866
315	3365	32964	0.989850459431866
316	3359	32964	0.989850459431866
317	3356	32964	0.989850459431866
318	3351	32964	0.989850459431866
319	3341	32964	0.989850459431866
320	3333	32964	0.989850459431866
321	3321	32964	0.989850459431866
322	3313	32964	0.989850459431866
323	3308	32964	0.989850459431866
324	3300	32964	0.989850459431866
325	3298	32964	0.989850459431866
326	3294	32964	0.989850459431866
327	3284	32964	0.989850459431866
328	3282	32964	0.989850459431866
329	3281	32964	0.989850459431866
330	3281	32964	0.989850459431866
331	3277	32964	0.989850459431866
332	3276	32964	0.989850459431866
333	3273	32964	0.989850459431866
334	3270	32964	0.989850459431866
335	3256	32965	0.989880487658399
336	3254	32965	0.989880487658399
337	3252	32965	0.989880487658399
338	3251	32965	0.989880487658399
339	3237	32965	0.989880487658399
340	3235	32965	0.989880487658399
341	3228	32965	0.989880487658399
342	3223	32965	0.989880487658399
343	3220	32965	0.989880487658399
344	3209	32965	0.989880487658399
345	3203	32965	0.989880487658399
346	3198	32965	0.989880487658399
347	3193	32965	0.989880487658399
348	3191	32965	0.989880487658399
349	3187	32965	0.989880487658399
350	3186	32965	0.989880487658399
351	3146	32965	0.989880487658399
352	3128	32965	0.989880487658399
353	3128	32965	0.989880487658399
354	3127	32965	0.989880487658399
355	3127	32965	0.989880487658399
356	3125	32965	0.989880487658399
357	3120	32965	0.989880487658399
358	3115	32965	0.989880487658399
359	3110	32965	0.989880487658399
360	3110	32965	0.989880487658399
361	3105	32965	0.989880487658399
362	3103	32965	0.989880487658399
363	3087	32965	0.989880487658399
364	3085	32965	0.989880487658399
365	3084	32965	0.989880487658399
366	3071	32965	0.989880487658399
367	3071	32965	0.989880487658399
368	3065	32966	0.989910515884932
369	3045	32966	0.989910515884932
370	3040	32966	0.989910515884932
371	3031	32966	0.989910515884932
372	2993	32966	0.989910515884932
373	2988	32966	0.989910515884932
374	2987	32966	0.989910515884932
375	2984	32966	0.989910515884932
376	2981	32966	0.989910515884932
377	2956	32966	0.989910515884932
378	2949	32966	0.989910515884932
379	2939	32966	0.989910515884932
380	2923	32966	0.989910515884932
381	2917	32966	0.989910515884932
382	2916	32966	0.989910515884932
383	2916	32966	0.989910515884932
384	2916	32966	0.989910515884932
385	2909	32966	0.989910515884932
386	2905	32966	0.989910515884932
387	2902	32966	0.989910515884932
388	2899	32966	0.989910515884932
389	2894	32966	0.989910515884932
390	2892	32966	0.989910515884932
391	2876	32966	0.989910515884932
392	2869	32966	0.989910515884932
393	2866	32966	0.989910515884932
394	2863	32966	0.989910515884932
395	2862	32966	0.989910515884932
396	2862	32966	0.989910515884932
397	2862	32966	0.989910515884932
398	2861	32966	0.989910515884932
399	2861	32966	0.989910515884932
400	2854	32966	0.989910515884932
401	2846	32966	0.989910515884932
402	2835	32966	0.989910515884932
403	2831	32966	0.989910515884932
404	2803	32966	0.989910515884932
405	2803	32966	0.989910515884932
406	2803	32966	0.989910515884932
407	2800	32966	0.989910515884932
408	2794	32966	0.989910515884932
409	2788	32966	0.989910515884932
410	2786	32966	0.989910515884932
411	2786	32966	0.989910515884932
412	2782	32966	0.989910515884932
413	2780	32966	0.989910515884932
414	2776	32966	0.989910515884932
415	2774	32966	0.989910515884932
416	2773	32966	0.989910515884932
417	2750	32966	0.989910515884932
418	2749	32966	0.989910515884932
419	2736	32966	0.989910515884932
420	2730	32966	0.989910515884932
421	2728	32966	0.989910515884932
422	2717	32966	0.989910515884932
423	2713	32966	0.989910515884932
424	2713	32966	0.989910515884932
425	2704	32966	0.989910515884932
426	2674	32966	0.989910515884932
427	2662	32966	0.989910515884932
428	2661	32966	0.989910515884932
429	2660	32966	0.989910515884932
430	2659	32966	0.989910515884932
431	2647	32966	0.989910515884932
432	2645	32966	0.989910515884932
433	2638	32966	0.989910515884932
434	2618	32966	0.989910515884932
435	2598	32966	0.989910515884932
436	2595	32966	0.989910515884932
437	2586	32966	0.989910515884932
438	2581	32966	0.989910515884932
439	2552	32966	0.989910515884932
440	2542	32966	0.989910515884932
441	2536	32966	0.989910515884932
442	2531	32966	0.989910515884932
443	2524	32966	0.989910515884932
444	2519	32966	0.989910515884932
445	2518	32966	0.989910515884932
446	2515	32966	0.989910515884932
447	2515	32966	0.989910515884932
448	2512	32966	0.989910515884932
449	2511	32966	0.989910515884932
450	2509	32966	0.989910515884932
451	2507	32966	0.989910515884932
452	2502	32966	0.989910515884932
453	2501	32966	0.989910515884932
454	2498	32966	0.989910515884932
455	2497	32966	0.989910515884932
456	2497	32966	0.989910515884932
457	2497	32966	0.989910515884932
458	2494	32966	0.989910515884932
459	2482	32966	0.989910515884932
460	2482	32966	0.989910515884932
461	2474	33260	0.998738814485617
462	2463	33260	0.998738814485617
463	2462	33260	0.998738814485617
464	2456	33260	0.998738814485617
465	2449	33260	0.998738814485617
466	2449	33260	0.998738814485617
467	2436	33260	0.998738814485617
468	2416	33260	0.998738814485617
469	2415	33260	0.998738814485617
470	2409	33260	0.998738814485617
471	2406	33260	0.998738814485617
472	2399	33260	0.998738814485617
473	2377	33260	0.998738814485617
474	2373	33260	0.998738814485617
475	2368	33260	0.998738814485617
476	2368	33260	0.998738814485617
477	2355	33260	0.998738814485617
478	2351	33260	0.998738814485617
479	2348	33260	0.998738814485617
480	2344	33260	0.998738814485617
481	2344	33260	0.998738814485617
482	2327	33260	0.998738814485617
483	2325	33260	0.998738814485617
484	2324	33260	0.998738814485617
485	2321	33260	0.998738814485617
486	2319	33260	0.998738814485617
487	2313	33260	0.998738814485617
488	2312	33260	0.998738814485617
489	2308	33260	0.998738814485617
490	2305	33260	0.998738814485617
491	2301	33260	0.998738814485617
492	2300	33260	0.998738814485617
493	2288	33260	0.998738814485617
494	2281	33260	0.998738814485617
495	2276	33260	0.998738814485617
496	2265	33260	0.998738814485617
497	2258	33260	0.998738814485617
498	2256	33260	0.998738814485617
499	2251	33260	0.998738814485617
500	2247	33260	0.998738814485617
501	2234	33260	0.998738814485617
502	2231	33260	0.998738814485617
503	2224	33260	0.998738814485617
504	2224	33260	0.998738814485617
505	2218	33260	0.998738814485617
506	2211	33260	0.998738814485617
507	2208	33260	0.998738814485617
508	2207	33260	0.998738814485617
509	2206	33260	0.998738814485617
510	2204	33260	0.998738814485617
511	2202	33260	0.998738814485617
512	2199	33260	0.998738814485617
513	2196	33261	0.998768842712149
514	2183	33261	0.998768842712149
515	2179	33261	0.998768842712149
516	2162	33261	0.998768842712149
517	2160	33261	0.998768842712149
518	2157	33261	0.998768842712149
519	2152	33261	0.998768842712149
520	2151	33261	0.998768842712149
521	2150	33261	0.998768842712149
522	2147	33261	0.998768842712149
523	2141	33261	0.998768842712149
524	2137	33261	0.998768842712149
525	2126	33261	0.998768842712149
526	2121	33261	0.998768842712149
527	2105	33261	0.998768842712149
528	2104	33261	0.998768842712149
529	2102	33261	0.998768842712149
530	2080	33261	0.998768842712149
531	2066	33261	0.998768842712149
532	2065	33261	0.998768842712149
533	2063	33261	0.998768842712149
534	2062	33261	0.998768842712149
535	2062	33261	0.998768842712149
536	2053	33261	0.998768842712149
537	2052	33261	0.998768842712149
538	2051	33261	0.998768842712149
539	2046	33261	0.998768842712149
540	2042	33261	0.998768842712149
541	2039	33261	0.998768842712149
542	2031	33261	0.998768842712149
543	2022	33261	0.998768842712149
544	2019	33261	0.998768842712149
545	2018	33261	0.998768842712149
546	2014	33261	0.998768842712149
547	2013	33261	0.998768842712149
548	2008	33263	0.998828899165215
549	2000	33263	0.998828899165215
550	1994	33263	0.998828899165215
551	1985	33263	0.998828899165215
552	1975	33263	0.998828899165215
553	1975	33263	0.998828899165215
554	1975	33263	0.998828899165215
555	1973	33263	0.998828899165215
556	1964	33263	0.998828899165215
557	1950	33263	0.998828899165215
558	1949	33263	0.998828899165215
559	1946	33263	0.998828899165215
560	1945	33263	0.998828899165215
561	1934	33263	0.998828899165215
562	1932	33263	0.998828899165215
563	1931	33263	0.998828899165215
564	1923	33263	0.998828899165215
565	1920	33263	0.998828899165215
566	1916	33263	0.998828899165215
567	1915	33264	0.998858927391748
568	1915	33264	0.998858927391748
569	1911	33264	0.998858927391748
570	1905	33264	0.998858927391748
571	1901	33264	0.998858927391748
572	1891	33264	0.998858927391748
573	1885	33264	0.998858927391748
574	1876	33264	0.998858927391748
575	1869	33264	0.998858927391748
576	1867	33264	0.998858927391748
577	1860	33264	0.998858927391748
578	1857	33264	0.998858927391748
579	1854	33264	0.998858927391748
580	1843	33264	0.998858927391748
581	1830	33264	0.998858927391748
582	1828	33264	0.998858927391748
583	1819	33264	0.998858927391748
584	1815	33264	0.998858927391748
585	1813	33300	0.999939943546934
586	1800	33300	0.999939943546934
587	1798	33300	0.999939943546934
588	1797	33300	0.999939943546934
589	1797	33300	0.999939943546934
590	1797	33300	0.999939943546934
591	1795	33300	0.999939943546934
592	1793	33300	0.999939943546934
593	1768	33300	0.999939943546934
594	1757	33300	0.999939943546934
595	1750	33300	0.999939943546934
596	1743	33300	0.999939943546934
597	1742	33300	0.999939943546934
598	1742	33300	0.999939943546934
599	1739	33300	0.999939943546934
600	1735	33300	0.999939943546934
601	1734	33300	0.999939943546934
602	1733	33300	0.999939943546934
603	1731	33300	0.999939943546934
604	1729	33300	0.999939943546934
605	1725	33300	0.999939943546934
606	1725	33300	0.999939943546934
607	1723	33300	0.999939943546934
608	1719	33300	0.999939943546934
609	1719	33300	0.999939943546934
610	1714	33300	0.999939943546934
611	1688	33300	0.999939943546934
612	1685	33300	0.999939943546934
613	1671	33300	0.999939943546934
614	1671	33300	0.999939943546934
615	1671	33300	0.999939943546934
616	1669	33300	0.999939943546934
617	1668	33300	0.999939943546934
618	1667	33300	0.999939943546934
619	1664	33300	0.999939943546934
620	1663	33300	0.999939943546934
621	1661	33300	0.999939943546934
622	1661	33300	0.999939943546934
623	1659	33300	0.999939943546934
624	1635	33300	0.999939943546934
625	1631	33300	0.999939943546934
626	1631	33300	0.999939943546934
627	1612	33300	0.999939943546934
628	1610	33300	0.999939943546934
629	1606	33300	0.999939943546934
630	1588	33300	0.999939943546934
631	1586	33300	0.999939943546934
632	1577	33300	0.999939943546934
633	1574	33300	0.999939943546934
634	1573	33300	0.999939943546934
635	1569	33300	0.999939943546934
636	1568	33300	0.999939943546934
637	1564	33300	0.999939943546934
638	1558	33300	0.999939943546934
639	1556	33300	0.999939943546934
640	1549	33300	0.999939943546934
641	1535	33300	0.999939943546934
642	1535	33300	0.999939943546934
643	1533	33300	0.999939943546934
644	1514	33300	0.999939943546934
645	1511	33300	0.999939943546934
646	1508	33300	0.999939943546934
647	1492	33300	0.999939943546934
648	1489	33300	0.999939943546934
649	1488	33300	0.999939943546934
650	1478	33300	0.999939943546934
651	1476	33300	0.999939943546934
652	1475	33300	0.999939943546934
653	1460	33300	0.999939943546934
654	1450	33300	0.999939943546934
655	1440	33300	0.999939943546934
656	1440	33300	0.999939943546934
657	1434	33300	0.999939943546934
658	1433	33300	0.999939943546934
659	1433	33300	0.999939943546934
660	1431	33300	0.999939943546934
661	1419	33300	0.999939943546934
662	1415	33300	0.999939943546934
663	1414	33300	0.999939943546934
664	1412	33300	0.999939943546934
665	1411	33300	0.999939943546934
666	1409	33300	0.999939943546934
667	1408	33300	0.999939943546934
668	1408	33300	0.999939943546934
669	1407	33300	0.999939943546934
670	1399	33300	0.999939943546934
671	1398	33300	0.999939943546934
672	1397	33300	0.999939943546934
673	1390	33300	0.999939943546934
674	1388	33300	0.999939943546934
675	1385	33300	0.999939943546934
676	1385	33300	0.999939943546934
677	1384	33300	0.999939943546934
678	1381	33300	0.999939943546934
679	1378	33300	0.999939943546934
680	1374	33300	0.999939943546934
681	1372	33300	0.999939943546934
682	1370	33300	0.999939943546934
683	1363	33300	0.999939943546934
684	1345	33300	0.999939943546934
685	1343	33300	0.999939943546934
686	1339	33300	0.999939943546934
687	1337	33300	0.999939943546934
688	1334	33300	0.999939943546934
689	1333	33300	0.999939943546934
690	1323	33300	0.999939943546934
691	1316	33300	0.999939943546934
692	1306	33300	0.999939943546934
693	1304	33300	0.999939943546934
694	1301	33300	0.999939943546934
695	1300	33300	0.999939943546934
696	1288	33300	0.999939943546934
697	1284	33300	0.999939943546934
698	1279	33300	0.999939943546934
699	1278	33300	0.999939943546934
700	1278	33300	0.999939943546934
701	1274	33300	0.999939943546934
702	1272	33300	0.999939943546934
703	1271	33300	0.999939943546934
704	1261	33300	0.999939943546934
705	1256	33300	0.999939943546934
706	1255	33300	0.999939943546934
707	1246	33300	0.999939943546934
708	1237	33300	0.999939943546934
709	1230	33300	0.999939943546934
710	1222	33300	0.999939943546934
711	1216	33300	0.999939943546934
712	1209	33300	0.999939943546934
713	1206	33300	0.999939943546934
714	1205	33300	0.999939943546934
715	1203	33300	0.999939943546934
716	1201	33300	0.999939943546934
717	1197	33300	0.999939943546934
718	1195	33300	0.999939943546934
719	1186	33300	0.999939943546934
720	1184	33300	0.999939943546934
721	1184	33300	0.999939943546934
722	1183	33300	0.999939943546934
723	1179	33300	0.999939943546934
724	1162	33300	0.999939943546934
725	1131	33300	0.999939943546934
726	1129	33300	0.999939943546934
727	1120	33300	0.999939943546934
728	1115	33300	0.999939943546934
729	1113	33300	0.999939943546934
730	1112	33300	0.999939943546934
731	1099	33300	0.999939943546934
732	1094	33300	0.999939943546934
733	1092	33300	0.999939943546934
734	1089	33300	0.999939943546934
735	1086	33300	0.999939943546934
736	1082	33300	0.999939943546934
737	1080	33300	0.999939943546934
738	1076	33300	0.999939943546934
739	1067	33300	0.999939943546934
740	1058	33300	0.999939943546934
741	1047	33300	0.999939943546934
742	1046	33300	0.999939943546934
743	1033	33300	0.999939943546934
744	1032	33300	0.999939943546934
745	1030	33300	0.999939943546934
746	1029	33300	0.999939943546934
747	1028	33300	0.999939943546934
748	1015	33300	0.999939943546934
749	1009	33300	0.999939943546934
750	1008	33300	0.999939943546934
751	996	33300	0.999939943546934
752	995	33300	0.999939943546934
753	988	33300	0.999939943546934
754	988	33300	0.999939943546934
755	986	33300	0.999939943546934
756	982	33300	0.999939943546934
757	979	33300	0.999939943546934
758	965	33300	0.999939943546934
759	955	33300	0.999939943546934
760	949	33300	0.999939943546934
761	934	33300	0.999939943546934
762	926	33300	0.999939943546934
763	925	33300	0.999939943546934
764	924	33300	0.999939943546934
765	913	33300	0.999939943546934
766	913	33300	0.999939943546934
767	909	33300	0.999939943546934
768	908	33300	0.999939943546934
769	902	33300	0.999939943546934
770	902	33300	0.999939943546934
771	901	33300	0.999939943546934
772	891	33300	0.999939943546934
773	885	33300	0.999939943546934
774	884	33300	0.999939943546934
775	883	33300	0.999939943546934
776	868	33300	0.999939943546934
777	865	33300	0.999939943546934
778	861	33300	0.999939943546934
779	859	33300	0.999939943546934
780	848	33300	0.999939943546934
781	841	33300	0.999939943546934
782	839	33300	0.999939943546934
783	838	33300	0.999939943546934
784	835	33300	0.999939943546934
785	831	33300	0.999939943546934
786	830	33300	0.999939943546934
787	829	33300	0.999939943546934
788	826	33300	0.999939943546934
789	823	33300	0.999939943546934
790	819	33300	0.999939943546934
791	814	33300	0.999939943546934
792	814	33300	0.999939943546934
793	800	33300	0.999939943546934
794	796	33300	0.999939943546934
795	796	33300	0.999939943546934
796	795	33300	0.999939943546934
797	794	33300	0.999939943546934
798	790	33300	0.999939943546934
799	788	33300	0.999939943546934
800	775	33300	0.999939943546934
801	773	33300	0.999939943546934
802	772	33300	0.999939943546934
803	767	33300	0.999939943546934
804	765	33300	0.999939943546934
805	762	33300	0.999939943546934
806	762	33300	0.999939943546934
807	757	33300	0.999939943546934
808	754	33300	0.999939943546934
809	752	33300	0.999939943546934
810	751	33300	0.999939943546934
811	750	33300	0.999939943546934
812	746	33300	0.999939943546934
813	727	33300	0.999939943546934
814	712	33300	0.999939943546934
815	708	33300	0.999939943546934
816	704	33300	0.999939943546934
817	701	33300	0.999939943546934
818	691	33300	0.999939943546934
819	688	33300	0.999939943546934
820	687	33300	0.999939943546934
821	685	33300	0.999939943546934
822	683	33300	0.999939943546934
823	681	33300	0.999939943546934
824	678	33300	0.999939943546934
825	676	33300	0.999939943546934
826	670	33300	0.999939943546934
827	656	33300	0.999939943546934
828	649	33300	0.999939943546934
829	645	33300	0.999939943546934
830	642	33300	0.999939943546934
831	639	33300	0.999939943546934
832	629	33300	0.999939943546934
833	618	33300	0.999939943546934
834	607	33300	0.999939943546934
835	602	33300	0.999939943546934
836	598	33300	0.999939943546934
837	594	33300	0.999939943546934
838	593	33300	0.999939943546934
839	591	33300	0.999939943546934
840	590	33300	0.999939943546934
841	579	33300	0.999939943546934
842	577	33300	0.999939943546934
843	573	33300	0.999939943546934
844	567	33300	0.999939943546934
845	563	33300	0.999939943546934
846	556	33300	0.999939943546934
847	552	33300	0.999939943546934
848	548	33300	0.999939943546934
849	547	33300	0.999939943546934
850	545	33300	0.999939943546934
851	545	33300	0.999939943546934
852	536	33300	0.999939943546934
853	529	33300	0.999939943546934
854	526	33300	0.999939943546934
855	526	33300	0.999939943546934
856	522	33300	0.999939943546934
857	521	33300	0.999939943546934
858	520	33300	0.999939943546934
859	515	33300	0.999939943546934
860	515	33300	0.999939943546934
861	499	33300	0.999939943546934
862	485	33300	0.999939943546934
863	483	33302	1
864	480	33302	1
865	473	33302	1
866	472	33302	1
867	470	33302	1
868	468	33302	1
869	463	33302	1
870	456	33302	1
871	456	33302	1
872	450	33302	1
873	448	33302	1
874	447	33302	1
875	447	33302	1
876	446	33302	1
877	444	33302	1
878	439	33302	1
879	438	33302	1
880	431	33302	1
881	425	33302	1
882	423	33302	1
883	420	33302	1
884	419	33302	1
885	410	33302	1
886	404	33302	1
887	397	33302	1
888	393	33302	1
889	388	33302	1
890	381	33302	1
891	376	33302	1
892	371	33302	1
893	371	33302	1
894	370	33302	1
895	366	33302	1
896	363	33302	1
897	359	33302	1
898	357	33302	1
899	356	33302	1
900	353	33302	1
901	350	33302	1
902	341	33302	1
903	340	33302	1
904	330	33302	1
905	327	33302	1
906	326	33302	1
907	322	33302	1
908	320	33302	1
909	320	33302	1
910	311	33302	1
911	309	33302	1
912	308	33302	1
913	307	33302	1
914	306	33302	1
915	298	33302	1
916	297	33302	1
917	291	33302	1
918	287	33302	1
919	280	33302	1
920	279	33302	1
921	277	33302	1
922	277	33302	1
923	273	33302	1
924	264	33302	1
925	260	33302	1
926	260	33302	1
927	258	33302	1
928	252	33302	1
929	246	33302	1
930	242	33302	1
931	238	33302	1
932	235	33302	1
933	225	33302	1
934	222	33302	1
935	222	33302	1
936	219	33302	1
937	219	33302	1
938	213	33302	1
939	211	33302	1
940	209	33302	1
941	203	33302	1
942	200	33302	1
943	194	33302	1
944	194	33302	1
945	188	33302	1
946	184	33302	1
947	171	33302	1
948	170	33302	1
949	162	33302	1
950	159	33302	1
951	159	33302	1
952	155	33302	1
953	154	33302	1
954	153	33302	1
955	149	33302	1
956	147	33302	1
957	147	33302	1
958	140	33302	1
959	135	33302	1
960	133	33302	1
961	130	33302	1
962	126	33302	1
963	124	33302	1
964	112	33302	1
965	111	33302	1
966	109	33302	1
967	108	33302	1
968	100	33302	1
969	88	33302	1
970	85	33302	1
971	77	33302	1
972	75	33302	1
973	57	33302	1
974	56	33302	1
975	50	33302	1
976	49	33302	1
977	43	33302	1
978	42	33302	1
979	41	33302	1
980	41	33302	1
981	39	33302	1
982	37	33302	1
983	34	33302	1
984	32	33302	1
985	29	33302	1
986	28	33302	1
987	26	33302	1
988	25	33302	1
989	25	33302	1
990	17	33302	1
991	15	33302	1
992	14	33302	1
993	14	33302	1
994	12	33302	1
995	6	33302	1
996	1	33302	1
997	0	33302	1
998	0	33302	1
999	0	33302	1
1000	0	33302	1
1001	0	33302	1
