order	fre	frePool	ratio
1	235061	235061	0.528464478417266
2	234235	287510	0.646380395683453
3	227455	312459	0.702470773381295
4	226288	329547	0.740888039568345
5	219951	340253	0.764957284172662
6	214516	357529	0.803797212230216
7	213504	361759	0.813307104316547
8	213158	365611	0.821967176258993
9	211979	388820	0.874145683453237
10	211739	391555	0.880294514388489
11	210332	394034	0.885867805755396
12	209195	394806	0.887603417266187
13	207514	396736	0.891942446043165
14	206158	398566	0.896056654676259
15	205779	399915	0.899089478417266
16	204651	401232	0.90205035971223
17	204272	402931	0.905870053956835
18	203622	404980	0.910476618705036
19	202998	406539	0.913981564748201
20	201802	407059	0.915150629496403
21	201800	407966	0.917189748201439
22	196021	408611	0.918639838129496
23	195962	409125	0.919795413669065
24	195112	409777	0.921261241007194
25	193137	410252	0.922329136690648
26	192909	410941	0.923878147482014
27	192222	411377	0.924858363309353
28	190053	412169	0.926638938848921
29	187258	413315	0.929215377697842
30	182374	413806	0.930319244604317
31	182310	414199	0.931202787769784
32	181674	417561	0.938761241007194
33	181046	418018	0.939788669064748
34	180727	418341	0.940514838129496
35	180325	418844	0.941645683453237
36	180134	419553	0.943239658273381
37	179820	420352	0.945035971223022
38	179581	420657	0.94572167266187
39	179325	421003	0.946499550359712
40	179309	421401	0.947394334532374
41	178126	422587	0.950060701438849
42	177411	422893	0.950748651079137
43	176947	423264	0.95158273381295
44	176872	423717	0.952601169064748
45	176470	423937	0.953095773381295
46	176168	424045	0.953338579136691
47	174991	424236	0.953767985611511
48	174225	424587	0.954557104316547
49	173287	424725	0.954867356115108
50	172913	425199	0.955933003597122
51	172649	425541	0.956701888489209
52	172520	425549	0.956719874100719
53	172475	425889	0.957484262589928
54	172290	425945	0.957610161870504
55	171915	426313	0.9584375
56	171336	426584	0.959046762589928
57	170352	426745	0.959408723021583
58	169962	426976	0.959928057553957
59	168673	427317	0.960694694244604
60	168345	427773	0.961719874100719
61	168253	428017	0.962268435251799
62	167053	428082	0.962414568345324
63	166746	428232	0.962751798561151
64	166233	428289	0.962879946043166
65	165278	428465	0.963275629496403
66	162770	428643	0.963675809352518
67	162302	428817	0.964066996402878
68	162038	428904	0.964262589928058
69	161922	429018	0.964518884892086
70	161676	429178	0.964878597122302
71	161503	429393	0.965361960431655
72	160981	429677	0.966000449640288
73	160201	429732	0.966124100719424
74	160066	430012	0.966753597122302
75	160055	430102	0.966955935251799
76	159438	430142	0.967045863309352
77	159438	430142	0.967045863309352
78	159293	430279	0.967353866906475
79	159122	430766	0.968448741007194
80	158382	430766	0.968448741007194
81	158175	431199	0.969422212230216
82	158074	431297	0.969642535971223
83	157882	431316	0.969685251798561
84	156759	431322	0.969698741007194
85	156434	431605	0.970334982014389
86	156413	431734	0.970625
87	153926	431867	0.970924010791367
88	153364	431867	0.970924010791367
89	152698	432243	0.971769334532374
90	152094	433262	0.974060251798561
91	152047	433287	0.974116456834532
92	151892	433440	0.974460431654676
93	151268	433623	0.974871852517986
94	150259	433705	0.975056205035971
95	149684	433758	0.97517535971223
96	149326	433771	0.975204586330935
97	148479	433798	0.975265287769784
98	148143	434619	0.977111061151079
99	147668	434765	0.977439298561151
100	147489	434922	0.97779226618705
101	146806	434984	0.977931654676259
102	146430	435034	0.978044064748201
103	146221	435165	0.978338579136691
104	145751	435244	0.97851618705036
105	143768	435406	0.978880395683453
106	142381	435461	0.97900404676259
107	141311	435543	0.979188399280576
108	141000	435584	0.979280575539568
109	139932	436215	0.980699190647482
110	139932	436221	0.980712679856115
111	138535	436411	0.981139838129496
112	137650	436816	0.98205035971223
113	137290	436821	0.982061600719424
114	137016	436889	0.982214478417266
115	136771	437012	0.982491007194245
116	136409	437391	0.983343075539568
117	134113	437466	0.983511690647482
118	132836	437482	0.983547661870504
119	131236	437489	0.983563399280576
120	130818	437740	0.984127697841727
121	130408	438294	0.985373201438849
122	130278	438352	0.985503597122302
123	130198	438352	0.985503597122302
124	129918	438364	0.985530575539568
125	129548	438364	0.985530575539568
126	128490	438396	0.985602517985611
127	128226	438456	0.985737410071942
128	128134	438460	0.985746402877698
129	127357	438568	0.985989208633093
130	127258	438927	0.98679631294964
131	124776	439210	0.987432553956834
132	124670	439466	0.98800809352518
133	123735	439602	0.988313848920863
134	123468	439613	0.988338579136691
135	123378	439644	0.988408273381295
136	123376	439911	0.989008543165468
137	122230	439914	0.989015287769784
138	121850	440091	0.98941321942446
139	121378	440434	0.990184352517986
140	119401	440434	0.990184352517986
141	119158	440441	0.990200089928058
142	117816	440479	0.990285521582734
143	117241	440661	0.990694694244604
144	117134	440669	0.990712679856115
145	115628	440687	0.990753147482014
146	114724	440727	0.990843075539568
147	114582	440762	0.990921762589928
148	114328	440814	0.991038669064748
149	113624	440901	0.991234262589928
150	113551	440927	0.991292715827338
151	113504	441010	0.991479316546763
152	113036	441010	0.991479316546763
153	112941	441019	0.991499550359712
154	111643	441019	0.991499550359712
155	110406	441045	0.991558003597122
156	110215	441091	0.991661420863309
157	109012	441129	0.991746852517986
158	108744	441152	0.991798561151079
159	106651	441203	0.99191321942446
160	106597	441215	0.991940197841727
161	105596	441224	0.991960431654676
162	104144	441237	0.991989658273381
163	103686	441251	0.992021133093525
164	103392	441290	0.99210881294964
165	102185	441316	0.99216726618705
166	101831	441347	0.992236960431655
167	100860	441366	0.992279676258993
168	99556	441367	0.992281924460432
169	99546	441489	0.992556205035971
170	99114	441497	0.992574190647482
171	98399	441537	0.992664118705036
172	97516	441537	0.992664118705036
173	97098	441537	0.992664118705036
174	97098	441537	0.992664118705036
175	96444	441537	0.992664118705036
176	95856	441591	0.992785521582734
177	95719	441712	0.993057553956834
178	95174	441714	0.993062050359712
179	94536	441714	0.993062050359712
180	94339	441714	0.993062050359712
181	94286	441714	0.993062050359712
182	93591	441714	0.993062050359712
183	92991	441714	0.993062050359712
184	92356	441715	0.993064298561151
185	92118	441715	0.993064298561151
186	92062	441753	0.993149730215827
187	91268	441753	0.993149730215827
188	91218	441753	0.993149730215827
189	90901	441753	0.993149730215827
190	90822	441753	0.993149730215827
191	90730	441772	0.993192446043165
192	90468	441776	0.993201438848921
193	90404	442123	0.993981564748201
194	89711	442123	0.993981564748201
195	89363	442493	0.994813399280576
196	88841	442505	0.994840377697842
197	88380	442505	0.994840377697842
198	88264	442537	0.994912320143885
199	87851	442537	0.994912320143885
200	87849	442537	0.994912320143885
201	87476	442537	0.994912320143885
202	86462	442539	0.994916816546763
203	86462	442539	0.994916816546763
204	86053	442552	0.994946043165468
205	85895	442552	0.994946043165468
206	85817	442554	0.994950539568345
207	85658	442569	0.994984262589928
208	85248	442569	0.994984262589928
209	84548	442569	0.994984262589928
210	84316	442649	0.995164118705036
211	84021	442654	0.99517535971223
212	83994	442654	0.99517535971223
213	83982	442655	0.995177607913669
214	83950	442661	0.995191097122302
215	83859	442661	0.995191097122302
216	83795	442661	0.995191097122302
217	83400	442672	0.99521582733813
218	83267	442676	0.995224820143885
219	82790	442697	0.995272032374101
220	82261	442725	0.995334982014389
221	82047	442725	0.995334982014389
222	81917	442725	0.995334982014389
223	81828	442725	0.995334982014389
224	80424	442998	0.995948741007194
225	79945	443006	0.995966726618705
226	79689	443006	0.995966726618705
227	79355	443006	0.995966726618705
228	79220	443006	0.995966726618705
229	79116	443006	0.995966726618705
230	79061	443006	0.995966726618705
231	78859	443013	0.995982464028777
232	78686	443013	0.995982464028777
233	78673	443013	0.995982464028777
234	78491	443013	0.995982464028777
235	78159	443015	0.995986960431655
236	77594	443026	0.996011690647482
237	75695	443027	0.996013938848921
238	75059	443027	0.996013938848921
239	74957	443031	0.996022931654676
240	74199	443031	0.996022931654676
241	74173	443054	0.99607464028777
242	74085	443066	0.996101618705036
243	74044	443085	0.996144334532374
244	74025	443105	0.996189298561151
245	73566	443105	0.996189298561151
246	73263	443105	0.996189298561151
247	72854	443105	0.996189298561151
248	72685	443111	0.996202787769784
249	72568	443112	0.996205035971223
250	71872	443112	0.996205035971223
251	71497	443270	0.996560251798561
252	71192	443270	0.996560251798561
253	71151	443280	0.99658273381295
254	71143	443280	0.99658273381295
255	71032	443286	0.996596223021583
256	70998	443286	0.996596223021583
257	70734	443534	0.997153776978417
258	70701	443534	0.997153776978417
259	70664	443540	0.99716726618705
260	70601	443540	0.99716726618705
261	70454	443547	0.997183003597122
262	70337	443547	0.997183003597122
263	69844	443548	0.997185251798561
264	69628	443548	0.997185251798561
265	68974	443549	0.9971875
266	68242	443560	0.997212230215827
267	66296	443560	0.997212230215827
268	66183	443560	0.997212230215827
269	66165	443560	0.997212230215827
270	66054	443598	0.997297661870504
271	65980	443607	0.997317895683453
272	65833	443616	0.997338129496403
273	65814	443616	0.997338129496403
274	65644	443824	0.997805755395684
275	65117	443824	0.997805755395684
276	64888	443845	0.997852967625899
277	64710	443907	0.997992356115108
278	64661	443970	0.998133992805755
279	64421	443970	0.998133992805755
280	64353	443971	0.998136241007194
281	64252	443971	0.998136241007194
282	63900	443971	0.998136241007194
283	63136	443974	0.998142985611511
284	63043	443974	0.998142985611511
285	62590	443988	0.998174460431655
286	61895	443988	0.998174460431655
287	61233	444002	0.998205935251799
288	61231	444007	0.998217176258993
289	61157	444007	0.998217176258993
290	60716	444007	0.998217176258993
291	60368	444007	0.998217176258993
292	59949	444007	0.998217176258993
293	59165	444007	0.998217176258993
294	59057	444021	0.998248651079137
295	58877	444027	0.99826214028777
296	58507	444027	0.99826214028777
297	58451	444027	0.99826214028777
298	58350	444027	0.99826214028777
299	58332	444038	0.998286870503597
300	58251	444038	0.998286870503597
301	57970	444038	0.998286870503597
302	57913	444040	0.998291366906475
303	57791	444040	0.998291366906475
304	57690	444040	0.998291366906475
305	57567	444040	0.998291366906475
306	57444	444040	0.998291366906475
307	57322	444040	0.998291366906475
308	57267	444043	0.998298111510791
309	56933	444055	0.998325089928058
310	56906	444055	0.998325089928058
311	56737	444131	0.99849595323741
312	56508	444131	0.99849595323741
313	56133	444131	0.99849595323741
314	56052	444131	0.99849595323741
315	56015	444158	0.998556654676259
316	55739	444158	0.998556654676259
317	55692	444158	0.998556654676259
318	55486	444164	0.998570143884892
319	55382	444164	0.998570143884892
320	55236	444164	0.998570143884892
321	54596	444164	0.998570143884892
322	54576	444164	0.998570143884892
323	54168	444164	0.998570143884892
324	54153	444168	0.998579136690647
325	54115	444196	0.998642086330935
326	54042	444196	0.998642086330935
327	54026	444196	0.998642086330935
328	53666	444196	0.998642086330935
329	53576	444196	0.998642086330935
330	53576	444196	0.998642086330935
331	53399	444196	0.998642086330935
332	53184	444196	0.998642086330935
333	52934	444196	0.998642086330935
334	52900	444196	0.998642086330935
335	52887	444196	0.998642086330935
336	52735	444196	0.998642086330935
337	52478	444196	0.998642086330935
338	52243	444196	0.998642086330935
339	51826	444205	0.998662320143885
340	51772	444223	0.998702787769784
341	51583	444223	0.998702787769784
342	51425	444223	0.998702787769784
343	51267	444223	0.998702787769784
344	51267	444223	0.998702787769784
345	51199	444223	0.998702787769784
346	51139	444223	0.998702787769784
347	50844	444223	0.998702787769784
348	50548	444223	0.998702787769784
349	50488	444226	0.998709532374101
350	50487	444226	0.998709532374101
351	49851	444228	0.998714028776978
352	49792	444244	0.99875
353	49721	444244	0.99875
354	49698	444244	0.99875
355	49692	444271	0.998810701438849
356	49314	444271	0.998810701438849
357	49015	444271	0.998810701438849
358	48659	444271	0.998810701438849
359	48189	444271	0.998810701438849
360	48043	444271	0.998810701438849
361	47932	444271	0.998810701438849
362	47650	444277	0.998824190647482
363	47632	444277	0.998824190647482
364	47614	444339	0.998963579136691
365	47582	444339	0.998963579136691
366	47530	444363	0.999017535971223
367	47188	444363	0.999017535971223
368	47006	444363	0.999017535971223
369	46959	444363	0.999017535971223
370	46750	444363	0.999017535971223
371	46241	444363	0.999017535971223
372	45915	444363	0.999017535971223
373	45906	444363	0.999017535971223
374	45857	444363	0.999017535971223
375	45616	444369	0.999031025179856
376	45551	444369	0.999031025179856
377	45436	444369	0.999031025179856
378	45253	444376	0.999046762589928
379	45209	444376	0.999046762589928
380	45175	444376	0.999046762589928
381	45145	444376	0.999046762589928
382	45113	444376	0.999046762589928
383	44707	444376	0.999046762589928
384	44651	444376	0.999046762589928
385	43867	444376	0.999046762589928
386	43854	444376	0.999046762589928
387	43826	444376	0.999046762589928
388	43732	444376	0.999046762589928
389	43493	444376	0.999046762589928
390	43482	444376	0.999046762589928
391	43448	444376	0.999046762589928
392	43294	444376	0.999046762589928
393	43210	444376	0.999046762589928
394	43146	444376	0.999046762589928
395	43028	444376	0.999046762589928
396	43001	444376	0.999046762589928
397	42982	444382	0.999060251798561
398	42944	444382	0.999060251798561
399	42864	444382	0.999060251798561
400	42773	444382	0.999060251798561
401	42658	444382	0.999060251798561
402	42614	444382	0.999060251798561
403	42533	444382	0.999060251798561
404	42032	444382	0.999060251798561
405	41903	444382	0.999060251798561
406	41630	444382	0.999060251798561
407	41627	444382	0.999060251798561
408	41371	444382	0.999060251798561
409	41129	444382	0.999060251798561
410	40934	444382	0.999060251798561
411	40906	444382	0.999060251798561
412	40905	444464	0.999244604316547
413	40628	444464	0.999244604316547
414	40614	444467	0.999251348920863
415	40489	444467	0.999251348920863
416	40486	444467	0.999251348920863
417	40355	444467	0.999251348920863
418	40350	444467	0.999251348920863
419	40338	444492	0.999307553956835
420	40196	444492	0.999307553956835
421	39689	444510	0.999348021582734
422	39638	444510	0.999348021582734
423	39620	444511	0.999350269784173
424	39440	444511	0.999350269784173
425	39312	444512	0.999352517985612
426	38848	444512	0.999352517985612
427	38847	444512	0.999352517985612
428	38639	444512	0.999352517985612
429	38543	444512	0.999352517985612
430	38235	444512	0.999352517985612
431	38210	444512	0.999352517985612
432	38209	444512	0.999352517985612
433	38133	444512	0.999352517985612
434	38108	444512	0.999352517985612
435	38085	444512	0.999352517985612
436	37916	444512	0.999352517985612
437	37804	444512	0.999352517985612
438	37584	444512	0.999352517985612
439	37557	444512	0.999352517985612
440	37312	444512	0.999352517985612
441	37279	444519	0.999368255395683
442	37214	444519	0.999368255395683
443	37209	444519	0.999368255395683
444	37082	444519	0.999368255395683
445	37019	444524	0.999379496402878
446	36906	444524	0.999379496402878
447	36754	444524	0.999379496402878
448	36601	444524	0.999379496402878
449	36594	444528	0.999388489208633
450	36594	444528	0.999388489208633
451	36439	444528	0.999388489208633
452	36267	444528	0.999388489208633
453	35973	444528	0.999388489208633
454	35970	444528	0.999388489208633
455	35840	444528	0.999388489208633
456	35697	444528	0.999388489208633
457	35653	444528	0.999388489208633
458	35614	444528	0.999388489208633
459	35472	444528	0.999388489208633
460	35469	444528	0.999388489208633
461	35416	444528	0.999388489208633
462	35404	444528	0.999388489208633
463	35220	444528	0.999388489208633
464	35166	444528	0.999388489208633
465	35081	444528	0.999388489208633
466	34959	444540	0.999415467625899
467	34951	444540	0.999415467625899
468	34930	444540	0.999415467625899
469	34705	444540	0.999415467625899
470	34680	444540	0.999415467625899
471	34424	444540	0.999415467625899
472	34401	444540	0.999415467625899
473	34395	444540	0.999415467625899
474	34091	444540	0.999415467625899
475	34069	444540	0.999415467625899
476	34061	444540	0.999415467625899
477	33918	444540	0.999415467625899
478	33674	444542	0.999419964028777
479	33563	444543	0.999422212230216
480	33498	444543	0.999422212230216
481	33443	444543	0.999422212230216
482	33226	444543	0.999422212230216
483	33213	444543	0.999422212230216
484	33191	444543	0.999422212230216
485	33166	444545	0.999426708633094
486	33132	444545	0.999426708633094
487	33026	444545	0.999426708633094
488	32889	444545	0.999426708633094
489	32756	444545	0.999426708633094
490	32651	444545	0.999426708633094
491	32623	444545	0.999426708633094
492	32593	444558	0.999455935251799
493	32504	444558	0.999455935251799
494	32364	444558	0.999455935251799
495	32186	444558	0.999455935251799
496	32113	444558	0.999455935251799
497	32041	444558	0.999455935251799
498	32036	444558	0.999455935251799
499	31881	444558	0.999455935251799
500	31820	444558	0.999455935251799
501	31797	444558	0.999455935251799
502	31601	444558	0.999455935251799
503	31519	444558	0.999455935251799
504	31408	444558	0.999455935251799
505	31271	444558	0.999455935251799
506	31221	444571	0.999485161870504
507	30927	444571	0.999485161870504
508	30853	444571	0.999485161870504
509	30743	444577	0.999498651079137
510	30607	444577	0.999498651079137
511	30497	444577	0.999498651079137
512	30494	444577	0.999498651079137
513	30396	444577	0.999498651079137
514	30390	444577	0.999498651079137
515	30287	444577	0.999498651079137
516	30282	444577	0.999498651079137
517	30177	444577	0.999498651079137
518	30043	444577	0.999498651079137
519	30029	444577	0.999498651079137
520	30012	444577	0.999498651079137
521	29942	444577	0.999498651079137
522	29835	444577	0.999498651079137
523	29738	444577	0.999498651079137
524	29711	444577	0.999498651079137
525	29699	444577	0.999498651079137
526	29685	444577	0.999498651079137
527	29665	444577	0.999498651079137
528	29661	444577	0.999498651079137
529	29536	444577	0.999498651079137
530	29508	444577	0.999498651079137
531	29503	444577	0.999498651079137
532	29387	444577	0.999498651079137
533	29381	444577	0.999498651079137
534	29288	444577	0.999498651079137
535	29211	444577	0.999498651079137
536	29192	444580	0.999505395683453
537	29140	444580	0.999505395683453
538	29025	444602	0.999554856115108
539	28933	444602	0.999554856115108
540	28900	444602	0.999554856115108
541	28868	444602	0.999554856115108
542	28807	444602	0.999554856115108
543	28784	444607	0.999566097122302
544	28729	444607	0.999566097122302
545	28690	444607	0.999566097122302
546	28690	444607	0.999566097122302
547	28580	444607	0.999566097122302
548	28554	444607	0.999566097122302
549	28440	444607	0.999566097122302
550	28420	444607	0.999566097122302
551	28405	444607	0.999566097122302
552	28375	444607	0.999566097122302
553	28315	444607	0.999566097122302
554	28298	444607	0.999566097122302
555	28235	444607	0.999566097122302
556	28121	444607	0.999566097122302
557	28051	444628	0.999613309352518
558	28051	444628	0.999613309352518
559	28010	444628	0.999613309352518
560	27897	444628	0.999613309352518
561	27880	444628	0.999613309352518
562	27867	444628	0.999613309352518
563	27826	444628	0.999613309352518
564	27651	444628	0.999613309352518
565	27598	444628	0.999613309352518
566	27586	444628	0.999613309352518
567	27437	444628	0.999613309352518
568	27418	444628	0.999613309352518
569	27407	444628	0.999613309352518
570	27404	444628	0.999613309352518
571	27298	444628	0.999613309352518
572	27248	444628	0.999613309352518
573	27114	444634	0.999626798561151
574	26962	444634	0.999626798561151
575	26917	444634	0.999626798561151
576	26853	444634	0.999626798561151
577	26669	444634	0.999626798561151
578	26394	444634	0.999626798561151
579	26314	444634	0.999626798561151
580	26249	444634	0.999626798561151
581	26175	444634	0.999626798561151
582	26080	444634	0.999626798561151
583	26062	444634	0.999626798561151
584	26026	444634	0.999626798561151
585	26023	444634	0.999626798561151
586	25960	444634	0.999626798561151
587	25935	444634	0.999626798561151
588	25929	444634	0.999626798561151
589	25820	444634	0.999626798561151
590	25811	444634	0.999626798561151
591	25659	444634	0.999626798561151
592	25635	444634	0.999626798561151
593	25631	444634	0.999626798561151
594	25610	444634	0.999626798561151
595	25561	444634	0.999626798561151
596	25529	444635	0.99962904676259
597	25491	444635	0.99962904676259
598	25484	444635	0.99962904676259
599	25462	444635	0.99962904676259
600	25385	444635	0.99962904676259
601	25229	444637	0.999633543165468
602	25044	444637	0.999633543165468
603	25008	444637	0.999633543165468
604	24946	444637	0.999633543165468
605	24839	444637	0.999633543165468
606	24828	444637	0.999633543165468
607	24826	444637	0.999633543165468
608	24743	444637	0.999633543165468
609	24637	444637	0.999633543165468
610	24637	444637	0.999633543165468
611	24628	444638	0.999635791366907
612	24585	444638	0.999635791366907
613	24575	444638	0.999635791366907
614	24572	444638	0.999635791366907
615	24565	444638	0.999635791366907
616	24562	444638	0.999635791366907
617	24496	444638	0.999635791366907
618	24381	444638	0.999635791366907
619	24115	444638	0.999635791366907
620	24090	444642	0.999644784172662
621	23945	444642	0.999644784172662
622	23889	444642	0.999644784172662
623	23853	444642	0.999644784172662
624	23815	444642	0.999644784172662
625	23411	444642	0.999644784172662
626	23401	444642	0.999644784172662
627	23380	444642	0.999644784172662
628	23351	444642	0.999644784172662
629	23328	444642	0.999644784172662
630	23327	444642	0.999644784172662
631	23287	444642	0.999644784172662
632	23259	444642	0.999644784172662
633	23183	444642	0.999644784172662
634	23110	444642	0.999644784172662
635	23090	444642	0.999644784172662
636	23038	444642	0.999644784172662
637	22930	444655	0.999674010791367
638	22855	444655	0.999674010791367
639	22836	444655	0.999674010791367
640	22830	444655	0.999674010791367
641	22757	444655	0.999674010791367
642	22602	444670	0.99970773381295
643	22510	444670	0.99970773381295
644	22485	444670	0.99970773381295
645	22481	444670	0.99970773381295
646	22472	444670	0.99970773381295
647	22463	444670	0.99970773381295
648	22399	444670	0.99970773381295
649	22344	444670	0.99970773381295
650	22328	444670	0.99970773381295
651	22259	444670	0.99970773381295
652	22106	444670	0.99970773381295
653	22078	444670	0.99970773381295
654	22019	444670	0.99970773381295
655	21798	444670	0.99970773381295
656	21791	444670	0.99970773381295
657	21763	444670	0.99970773381295
658	21703	444670	0.99970773381295
659	21626	444671	0.999709982014389
660	21625	444671	0.999709982014389
661	21613	444671	0.999709982014389
662	21593	444671	0.999709982014389
663	21558	444671	0.999709982014389
664	21544	444671	0.999709982014389
665	21504	444671	0.999709982014389
666	21463	444671	0.999709982014389
667	21456	444671	0.999709982014389
668	21451	444671	0.999709982014389
669	21431	444671	0.999709982014389
670	21350	444671	0.999709982014389
671	21329	444671	0.999709982014389
672	21300	444671	0.999709982014389
673	21291	444671	0.999709982014389
674	21155	444671	0.999709982014389
675	21143	444671	0.999709982014389
676	21082	444671	0.999709982014389
677	21075	444671	0.999709982014389
678	21053	444671	0.999709982014389
679	20924	444671	0.999709982014389
680	20759	444671	0.999709982014389
681	20616	444671	0.999709982014389
682	20569	444671	0.999709982014389
683	20555	444671	0.999709982014389
684	20467	444671	0.999709982014389
685	20419	444671	0.999709982014389
686	20393	444671	0.999709982014389
687	20342	444672	0.999712230215827
688	20342	444672	0.999712230215827
689	20316	444672	0.999712230215827
690	20316	444672	0.999712230215827
691	20237	444672	0.999712230215827
692	20235	444672	0.999712230215827
693	20235	444672	0.999712230215827
694	20232	444672	0.999712230215827
695	20226	444672	0.999712230215827
696	20198	444672	0.999712230215827
697	20140	444672	0.999712230215827
698	20133	444672	0.999712230215827
699	20083	444672	0.999712230215827
700	20056	444672	0.999712230215827
701	20049	444672	0.999712230215827
702	19949	444672	0.999712230215827
703	19910	444672	0.999712230215827
704	19896	444672	0.999712230215827
705	19892	444672	0.999712230215827
706	19863	444672	0.999712230215827
707	19776	444672	0.999712230215827
708	19753	444672	0.999712230215827
709	19748	444672	0.999712230215827
710	19697	444672	0.999712230215827
711	19636	444672	0.999712230215827
712	19545	444672	0.999712230215827
713	19445	444672	0.999712230215827
714	19376	444683	0.999736960431655
715	19348	444683	0.999736960431655
716	19313	444683	0.999736960431655
717	19242	444683	0.999736960431655
718	19234	444683	0.999736960431655
719	19232	444686	0.999743705035971
720	19210	444686	0.999743705035971
721	19203	444686	0.999743705035971
722	19127	444686	0.999743705035971
723	19018	444686	0.999743705035971
724	18971	444686	0.999743705035971
725	18882	444686	0.999743705035971
726	18831	444686	0.999743705035971
727	18750	444686	0.999743705035971
728	18689	444686	0.999743705035971
729	18670	444686	0.999743705035971
730	18660	444686	0.999743705035971
731	18578	444686	0.999743705035971
732	18548	444686	0.999743705035971
733	18543	444686	0.999743705035971
734	18508	444686	0.999743705035971
735	18466	444686	0.999743705035971
736	18363	444686	0.999743705035971
737	18296	444686	0.999743705035971
738	18294	444686	0.999743705035971
739	18254	444686	0.999743705035971
740	18195	444686	0.999743705035971
741	18192	444686	0.999743705035971
742	18191	444686	0.999743705035971
743	18157	444686	0.999743705035971
744	18147	444686	0.999743705035971
745	18097	444686	0.999743705035971
746	18006	444686	0.999743705035971
747	17985	444686	0.999743705035971
748	17978	444686	0.999743705035971
749	17900	444686	0.999743705035971
750	17900	444686	0.999743705035971
751	17897	444686	0.999743705035971
752	17893	444686	0.999743705035971
753	17889	444686	0.999743705035971
754	17887	444686	0.999743705035971
755	17812	444686	0.999743705035971
756	17807	444686	0.999743705035971
757	17784	444686	0.999743705035971
758	17733	444686	0.999743705035971
759	17708	444686	0.999743705035971
760	17699	444686	0.999743705035971
761	17689	444686	0.999743705035971
762	17575	444686	0.999743705035971
763	17568	444686	0.999743705035971
764	17560	444686	0.999743705035971
765	17545	444686	0.999743705035971
766	17505	444686	0.999743705035971
767	17424	444686	0.999743705035971
768	17420	444686	0.999743705035971
769	17384	444686	0.999743705035971
770	17354	444686	0.999743705035971
771	17333	444686	0.999743705035971
772	17278	444686	0.999743705035971
773	17264	444686	0.999743705035971
774	17233	444686	0.999743705035971
775	17232	444686	0.999743705035971
776	17183	444686	0.999743705035971
777	17080	444686	0.999743705035971
778	16999	444686	0.999743705035971
779	16903	444686	0.999743705035971
780	16902	444686	0.999743705035971
781	16852	444686	0.999743705035971
782	16780	444686	0.999743705035971
783	16760	444686	0.999743705035971
784	16756	444686	0.999743705035971
785	16695	444686	0.999743705035971
786	16675	444686	0.999743705035971
787	16620	444686	0.999743705035971
788	16620	444686	0.999743705035971
789	16561	444686	0.999743705035971
790	16560	444686	0.999743705035971
791	16541	444698	0.999770683453237
792	16532	444698	0.999770683453237
793	16528	444698	0.999770683453237
794	16473	444698	0.999770683453237
795	16451	444698	0.999770683453237
796	16323	444698	0.999770683453237
797	16322	444698	0.999770683453237
798	16304	444698	0.999770683453237
799	16291	444698	0.999770683453237
800	16276	444698	0.999770683453237
801	16240	444698	0.999770683453237
802	16188	444698	0.999770683453237
803	15983	444698	0.999770683453237
804	15951	444698	0.999770683453237
805	15919	444698	0.999770683453237
806	15868	444698	0.999770683453237
807	15824	444698	0.999770683453237
808	15813	444698	0.999770683453237
809	15772	444698	0.999770683453237
810	15704	444698	0.999770683453237
811	15671	444698	0.999770683453237
812	15631	444698	0.999770683453237
813	15589	444698	0.999770683453237
814	15588	444698	0.999770683453237
815	15551	444698	0.999770683453237
816	15540	444698	0.999770683453237
817	15524	444698	0.999770683453237
818	15492	444698	0.999770683453237
819	15467	444698	0.999770683453237
820	15415	444698	0.999770683453237
821	15349	444698	0.999770683453237
822	15265	444698	0.999770683453237
823	15256	444698	0.999770683453237
824	15251	444698	0.999770683453237
825	15223	444698	0.999770683453237
826	15207	444698	0.999770683453237
827	15170	444698	0.999770683453237
828	15159	444698	0.999770683453237
829	15076	444698	0.999770683453237
830	15057	444698	0.999770683453237
831	15030	444698	0.999770683453237
832	15006	444698	0.999770683453237
833	14956	444698	0.999770683453237
834	14879	444698	0.999770683453237
835	14872	444701	0.999777428057554
836	14857	444701	0.999777428057554
837	14844	444706	0.999788669064748
838	14769	444706	0.999788669064748
839	14765	444706	0.999788669064748
840	14764	444706	0.999788669064748
841	14747	444706	0.999788669064748
842	14747	444706	0.999788669064748
843	14703	444706	0.999788669064748
844	14691	444706	0.999788669064748
845	14631	444706	0.999788669064748
846	14615	444706	0.999788669064748
847	14608	444706	0.999788669064748
848	14602	444706	0.999788669064748
849	14568	444706	0.999788669064748
850	14557	444706	0.999788669064748
851	14498	444706	0.999788669064748
852	14492	444706	0.999788669064748
853	14485	444706	0.999788669064748
854	14464	444706	0.999788669064748
855	14439	444716	0.999811151079137
856	14413	444716	0.999811151079137
857	14410	444716	0.999811151079137
858	14399	444716	0.999811151079137
859	14362	444716	0.999811151079137
860	14344	444716	0.999811151079137
861	14258	444716	0.999811151079137
862	14239	444716	0.999811151079137
863	14215	444716	0.999811151079137
864	14186	444716	0.999811151079137
865	14164	444716	0.999811151079137
866	14164	444716	0.999811151079137
867	14137	444716	0.999811151079137
868	14127	444716	0.999811151079137
869	14088	444716	0.999811151079137
870	14069	444716	0.999811151079137
871	14064	444716	0.999811151079137
872	14051	444716	0.999811151079137
873	14001	444716	0.999811151079137
874	13925	444716	0.999811151079137
875	13884	444716	0.999811151079137
876	13878	444716	0.999811151079137
877	13868	444716	0.999811151079137
878	13833	444716	0.999811151079137
879	13794	444716	0.999811151079137
880	13750	444716	0.999811151079137
881	13737	444716	0.999811151079137
882	13724	444716	0.999811151079137
883	13687	444716	0.999811151079137
884	13640	444716	0.999811151079137
885	13639	444716	0.999811151079137
886	13596	444716	0.999811151079137
887	13557	444716	0.999811151079137
888	13452	444716	0.999811151079137
889	13269	444716	0.999811151079137
890	13211	444716	0.999811151079137
891	13202	444716	0.999811151079137
892	13167	444716	0.999811151079137
893	13154	444716	0.999811151079137
894	13116	444716	0.999811151079137
895	13089	444716	0.999811151079137
896	13047	444729	0.999840377697842
897	13029	444729	0.999840377697842
898	13010	444729	0.999840377697842
899	13001	444729	0.999840377697842
900	12991	444729	0.999840377697842
901	12938	444729	0.999840377697842
902	12926	444729	0.999840377697842
903	12871	444729	0.999840377697842
904	12852	444729	0.999840377697842
905	12846	444729	0.999840377697842
906	12823	444729	0.999840377697842
907	12819	444729	0.999840377697842
908	12805	444729	0.999840377697842
909	12758	444729	0.999840377697842
910	12702	444729	0.999840377697842
911	12676	444729	0.999840377697842
912	12645	444729	0.999840377697842
913	12628	444729	0.999840377697842
914	12627	444729	0.999840377697842
915	12624	444729	0.999840377697842
916	12590	444729	0.999840377697842
917	12566	444729	0.999840377697842
918	12563	444729	0.999840377697842
919	12493	444729	0.999840377697842
920	12487	444729	0.999840377697842
921	12439	444729	0.999840377697842
922	12414	444729	0.999840377697842
923	12412	444729	0.999840377697842
924	12366	444729	0.999840377697842
925	12361	444729	0.999840377697842
926	12351	444729	0.999840377697842
927	12347	444729	0.999840377697842
928	12345	444749	0.999885341726619
929	12336	444749	0.999885341726619
930	12308	444749	0.999885341726619
931	12274	444749	0.999885341726619
932	12225	444749	0.999885341726619
933	12195	444749	0.999885341726619
934	12194	444749	0.999885341726619
935	12188	444749	0.999885341726619
936	12166	444749	0.999885341726619
937	12102	444749	0.999885341726619
938	12093	444749	0.999885341726619
939	12072	444749	0.999885341726619
940	12061	444749	0.999885341726619
941	12011	444749	0.999885341726619
942	11999	444749	0.999885341726619
943	11990	444749	0.999885341726619
944	11920	444749	0.999885341726619
945	11920	444749	0.999885341726619
946	11867	444756	0.999901079136691
947	11864	444756	0.999901079136691
948	11805	444756	0.999901079136691
949	11788	444756	0.999901079136691
950	11782	444756	0.999901079136691
951	11776	444756	0.999901079136691
952	11768	444756	0.999901079136691
953	11727	444756	0.999901079136691
954	11723	444756	0.999901079136691
955	11667	444756	0.999901079136691
956	11664	444756	0.999901079136691
957	11636	444756	0.999901079136691
958	11610	444756	0.999901079136691
959	11583	444756	0.999901079136691
960	11564	444756	0.999901079136691
961	11474	444756	0.999901079136691
962	11469	444756	0.999901079136691
963	11441	444756	0.999901079136691
964	11410	444756	0.999901079136691
965	11389	444756	0.999901079136691
966	11335	444756	0.999901079136691
967	11310	444756	0.999901079136691
968	11279	444756	0.999901079136691
969	11275	444756	0.999901079136691
970	11265	444756	0.999901079136691
971	11263	444756	0.999901079136691
972	11261	444756	0.999901079136691
973	11253	444756	0.999901079136691
974	11253	444756	0.999901079136691
975	11241	444756	0.999901079136691
976	11241	444757	0.999903327338129
977	11228	444757	0.999903327338129
978	11218	444757	0.999903327338129
979	11201	444757	0.999903327338129
980	11170	444757	0.999903327338129
981	11166	444757	0.999903327338129
982	11164	444757	0.999903327338129
983	11159	444757	0.999903327338129
984	11146	444757	0.999903327338129
985	11115	444757	0.999903327338129
986	11099	444757	0.999903327338129
987	11062	444757	0.999903327338129
988	11028	444757	0.999903327338129
989	11025	444757	0.999903327338129
990	11008	444757	0.999903327338129
991	10994	444757	0.999903327338129
992	10992	444757	0.999903327338129
993	10959	444757	0.999903327338129
994	10941	444757	0.999903327338129
995	10931	444757	0.999903327338129
996	10931	444757	0.999903327338129
997	10921	444757	0.999903327338129
998	10867	444757	0.999903327338129
999	10836	444757	0.999903327338129
1000	10835	444757	0.999903327338129
1001	10832	444757	0.999903327338129
1002	10808	444757	0.999903327338129
1003	10800	444757	0.999903327338129
1004	10787	444757	0.999903327338129
1005	10774	444757	0.999903327338129
1006	10715	444757	0.999903327338129
1007	10715	444757	0.999903327338129
1008	10698	444757	0.999903327338129
1009	10655	444757	0.999903327338129
1010	10643	444757	0.999903327338129
1011	10630	444757	0.999903327338129
1012	10618	444757	0.999903327338129
1013	10599	444757	0.999903327338129
1014	10594	444757	0.999903327338129
1015	10578	444757	0.999903327338129
1016	10569	444757	0.999903327338129
1017	10563	444757	0.999903327338129
1018	10545	444757	0.999903327338129
1019	10535	444757	0.999903327338129
1020	10521	444757	0.999903327338129
1021	10436	444757	0.999903327338129
1022	10434	444757	0.999903327338129
1023	10400	444757	0.999903327338129
1024	10386	444757	0.999903327338129
1025	10376	444757	0.999903327338129
1026	10372	444757	0.999903327338129
1027	10333	444757	0.999903327338129
1028	10321	444757	0.999903327338129
1029	10304	444757	0.999903327338129
1030	10302	444757	0.999903327338129
1031	10302	444757	0.999903327338129
1032	10242	444757	0.999903327338129
1033	10241	444757	0.999903327338129
1034	10235	444757	0.999903327338129
1035	10158	444757	0.999903327338129
1036	10154	444757	0.999903327338129
1037	10116	444757	0.999903327338129
1038	10093	444757	0.999903327338129
1039	10089	444757	0.999903327338129
1040	10058	444757	0.999903327338129
1041	10050	444757	0.999903327338129
1042	10035	444757	0.999903327338129
1043	10026	444757	0.999903327338129
1044	10005	444757	0.999903327338129
1045	9953	444757	0.999903327338129
1046	9945	444757	0.999903327338129
1047	9932	444757	0.999903327338129
1048	9915	444757	0.999903327338129
1049	9894	444757	0.999903327338129
1050	9864	444757	0.999903327338129
1051	9856	444757	0.999903327338129
1052	9851	444757	0.999903327338129
1053	9824	444757	0.999903327338129
1054	9814	444757	0.999903327338129
1055	9809	444772	0.999937050359712
1056	9798	444772	0.999937050359712
1057	9794	444772	0.999937050359712
1058	9789	444782	0.999959532374101
1059	9755	444782	0.999959532374101
1060	9752	444782	0.999959532374101
1061	9743	444782	0.999959532374101
1062	9735	444782	0.999959532374101
1063	9713	444782	0.999959532374101
1064	9710	444782	0.999959532374101
1065	9669	444782	0.999959532374101
1066	9614	444782	0.999959532374101
1067	9571	444782	0.999959532374101
1068	9546	444782	0.999959532374101
1069	9539	444782	0.999959532374101
1070	9484	444782	0.999959532374101
1071	9424	444782	0.999959532374101
1072	9404	444782	0.999959532374101
1073	9364	444782	0.999959532374101
1074	9342	444782	0.999959532374101
1075	9329	444782	0.999959532374101
1076	9300	444782	0.999959532374101
1077	9291	444782	0.999959532374101
1078	9290	444782	0.999959532374101
1079	9285	444782	0.999959532374101
1080	9211	444782	0.999959532374101
1081	9208	444782	0.999959532374101
1082	9204	444782	0.999959532374101
1083	9187	444782	0.999959532374101
1084	9180	444782	0.999959532374101
1085	9161	444782	0.999959532374101
1086	9143	444782	0.999959532374101
1087	9141	444782	0.999959532374101
1088	9129	444782	0.999959532374101
1089	9061	444782	0.999959532374101
1090	9034	444782	0.999959532374101
1091	9028	444782	0.999959532374101
1092	9013	444782	0.999959532374101
1093	9008	444782	0.999959532374101
1094	8992	444782	0.999959532374101
1095	8964	444782	0.999959532374101
1096	8958	444782	0.999959532374101
1097	8951	444782	0.999959532374101
1098	8940	444782	0.999959532374101
1099	8919	444782	0.999959532374101
1100	8918	444782	0.999959532374101
1101	8905	444782	0.999959532374101
1102	8904	444782	0.999959532374101
1103	8896	444782	0.999959532374101
1104	8862	444782	0.999959532374101
1105	8847	444782	0.999959532374101
1106	8844	444782	0.999959532374101
1107	8816	444782	0.999959532374101
1108	8808	444782	0.999959532374101
1109	8795	444782	0.999959532374101
1110	8780	444782	0.999959532374101
1111	8765	444782	0.999959532374101
1112	8742	444782	0.999959532374101
1113	8675	444782	0.999959532374101
1114	8664	444782	0.999959532374101
1115	8662	444782	0.999959532374101
1116	8632	444782	0.999959532374101
1117	8609	444782	0.999959532374101
1118	8600	444782	0.999959532374101
1119	8586	444782	0.999959532374101
1120	8576	444782	0.999959532374101
1121	8568	444782	0.999959532374101
1122	8524	444782	0.999959532374101
1123	8488	444782	0.999959532374101
1124	8482	444782	0.999959532374101
1125	8445	444782	0.999959532374101
1126	8442	444782	0.999959532374101
1127	8392	444782	0.999959532374101
1128	8390	444782	0.999959532374101
1129	8385	444782	0.999959532374101
1130	8364	444789	0.999975269784173
1131	8332	444789	0.999975269784173
1132	8324	444789	0.999975269784173
1133	8323	444789	0.999975269784173
1134	8308	444789	0.999975269784173
1135	8303	444789	0.999975269784173
1136	8256	444789	0.999975269784173
1137	8251	444789	0.999975269784173
1138	8247	444789	0.999975269784173
1139	8230	444789	0.999975269784173
1140	8230	444789	0.999975269784173
1141	8187	444789	0.999975269784173
1142	8178	444789	0.999975269784173
1143	8164	444789	0.999975269784173
1144	8146	444789	0.999975269784173
1145	8105	444789	0.999975269784173
1146	8094	444789	0.999975269784173
1147	8078	444789	0.999975269784173
1148	8069	444789	0.999975269784173
1149	8048	444789	0.999975269784173
1150	8044	444789	0.999975269784173
1151	8041	444789	0.999975269784173
1152	7980	444789	0.999975269784173
1153	7976	444789	0.999975269784173
1154	7973	444789	0.999975269784173
1155	7968	444789	0.999975269784173
1156	7949	444789	0.999975269784173
1157	7931	444789	0.999975269784173
1158	7926	444789	0.999975269784173
1159	7925	444789	0.999975269784173
1160	7917	444789	0.999975269784173
1161	7904	444789	0.999975269784173
1162	7881	444789	0.999975269784173
1163	7850	444789	0.999975269784173
1164	7817	444789	0.999975269784173
1165	7817	444789	0.999975269784173
1166	7813	444789	0.999975269784173
1167	7811	444789	0.999975269784173
1168	7802	444789	0.999975269784173
1169	7788	444789	0.999975269784173
1170	7743	444789	0.999975269784173
1171	7732	444789	0.999975269784173
1172	7731	444789	0.999975269784173
1173	7695	444789	0.999975269784173
1174	7692	444789	0.999975269784173
1175	7681	444789	0.999975269784173
1176	7678	444789	0.999975269784173
1177	7635	444789	0.999975269784173
1178	7628	444789	0.999975269784173
1179	7606	444789	0.999975269784173
1180	7600	444789	0.999975269784173
1181	7595	444789	0.999975269784173
1182	7586	444789	0.999975269784173
1183	7564	444789	0.999975269784173
1184	7556	444789	0.999975269784173
1185	7556	444789	0.999975269784173
1186	7528	444789	0.999975269784173
1187	7507	444789	0.999975269784173
1188	7497	444789	0.999975269784173
1189	7471	444789	0.999975269784173
1190	7461	444789	0.999975269784173
1191	7449	444789	0.999975269784173
1192	7416	444789	0.999975269784173
1193	7383	444789	0.999975269784173
1194	7381	444789	0.999975269784173
1195	7361	444789	0.999975269784173
1196	7348	444789	0.999975269784173
1197	7328	444789	0.999975269784173
1198	7297	444789	0.999975269784173
1199	7291	444789	0.999975269784173
1200	7289	444789	0.999975269784173
1201	7248	444789	0.999975269784173
1202	7223	444789	0.999975269784173
1203	7163	444789	0.999975269784173
1204	7158	444789	0.999975269784173
1205	7142	444789	0.999975269784173
1206	7132	444789	0.999975269784173
1207	7118	444789	0.999975269784173
1208	7083	444789	0.999975269784173
1209	7065	444789	0.999975269784173
1210	7039	444789	0.999975269784173
1211	7029	444789	0.999975269784173
1212	6995	444789	0.999975269784173
1213	6994	444789	0.999975269784173
1214	6992	444789	0.999975269784173
1215	6992	444789	0.999975269784173
1216	6973	444789	0.999975269784173
1217	6967	444789	0.999975269784173
1218	6953	444789	0.999975269784173
1219	6951	444789	0.999975269784173
1220	6937	444789	0.999975269784173
1221	6900	444789	0.999975269784173
1222	6894	444789	0.999975269784173
1223	6869	444789	0.999975269784173
1224	6859	444789	0.999975269784173
1225	6851	444789	0.999975269784173
1226	6844	444789	0.999975269784173
1227	6827	444789	0.999975269784173
1228	6803	444789	0.999975269784173
1229	6802	444789	0.999975269784173
1230	6798	444789	0.999975269784173
1231	6797	444789	0.999975269784173
1232	6765	444789	0.999975269784173
1233	6761	444789	0.999975269784173
1234	6744	444789	0.999975269784173
1235	6737	444789	0.999975269784173
1236	6729	444789	0.999975269784173
1237	6698	444789	0.999975269784173
1238	6686	444789	0.999975269784173
1239	6679	444789	0.999975269784173
1240	6677	444789	0.999975269784173
1241	6672	444789	0.999975269784173
1242	6653	444789	0.999975269784173
1243	6644	444789	0.999975269784173
1244	6634	444789	0.999975269784173
1245	6623	444789	0.999975269784173
1246	6614	444789	0.999975269784173
1247	6600	444789	0.999975269784173
1248	6592	444789	0.999975269784173
1249	6562	444789	0.999975269784173
1250	6556	444789	0.999975269784173
1251	6548	444789	0.999975269784173
1252	6525	444789	0.999975269784173
1253	6442	444800	1
1254	6438	444800	1
1255	6435	444800	1
1256	6421	444800	1
1257	6414	444800	1
1258	6412	444800	1
1259	6385	444800	1
1260	6377	444800	1
1261	6376	444800	1
1262	6367	444800	1
1263	6366	444800	1
1264	6357	444800	1
1265	6353	444800	1
1266	6330	444800	1
1267	6310	444800	1
1268	6297	444800	1
1269	6258	444800	1
1270	6257	444800	1
1271	6255	444800	1
1272	6237	444800	1
1273	6223	444800	1
1274	6218	444800	1
1275	6188	444800	1
1276	6179	444800	1
1277	6178	444800	1
1278	6177	444800	1
1279	6161	444800	1
1280	6152	444800	1
1281	6149	444800	1
1282	6129	444800	1
1283	6105	444800	1
1284	6074	444800	1
1285	6064	444800	1
1286	6041	444800	1
1287	6039	444800	1
1288	5999	444800	1
1289	5983	444800	1
1290	5969	444800	1
1291	5945	444800	1
1292	5938	444800	1
1293	5933	444800	1
1294	5929	444800	1
1295	5916	444800	1
1296	5900	444800	1
1297	5879	444800	1
1298	5864	444800	1
1299	5811	444800	1
1300	5802	444800	1
1301	5727	444800	1
1302	5726	444800	1
1303	5682	444800	1
1304	5677	444800	1
1305	5657	444800	1
1306	5648	444800	1
1307	5647	444800	1
1308	5624	444800	1
1309	5589	444800	1
1310	5585	444800	1
1311	5574	444800	1
1312	5570	444800	1
1313	5567	444800	1
1314	5565	444800	1
1315	5558	444800	1
1316	5552	444800	1
1317	5539	444800	1
1318	5520	444800	1
1319	5510	444800	1
1320	5501	444800	1
1321	5497	444800	1
1322	5478	444800	1
1323	5467	444800	1
1324	5457	444800	1
1325	5449	444800	1
1326	5441	444800	1
1327	5418	444800	1
1328	5407	444800	1
1329	5403	444800	1
1330	5397	444800	1
1331	5394	444800	1
1332	5366	444800	1
1333	5349	444800	1
1334	5348	444800	1
1335	5337	444800	1
1336	5298	444800	1
1337	5278	444800	1
1338	5243	444800	1
1339	5198	444800	1
1340	5192	444800	1
1341	5187	444800	1
1342	5138	444800	1
1343	5129	444800	1
1344	5119	444800	1
1345	5112	444800	1
1346	5107	444800	1
1347	5100	444800	1
1348	5085	444800	1
1349	5081	444800	1
1350	5061	444800	1
1351	5060	444800	1
1352	5056	444800	1
1353	4998	444800	1
1354	4994	444800	1
1355	4976	444800	1
1356	4953	444800	1
1357	4937	444800	1
1358	4929	444800	1
1359	4890	444800	1
1360	4890	444800	1
1361	4884	444800	1
1362	4865	444800	1
1363	4860	444800	1
1364	4856	444800	1
1365	4855	444800	1
1366	4841	444800	1
1367	4826	444800	1
1368	4788	444800	1
1369	4774	444800	1
1370	4771	444800	1
1371	4742	444800	1
1372	4717	444800	1
1373	4716	444800	1
1374	4714	444800	1
1375	4713	444800	1
1376	4694	444800	1
1377	4684	444800	1
1378	4682	444800	1
1379	4681	444800	1
1380	4675	444800	1
1381	4671	444800	1
1382	4658	444800	1
1383	4638	444800	1
1384	4637	444800	1
1385	4633	444800	1
1386	4617	444800	1
1387	4590	444800	1
1388	4580	444800	1
1389	4564	444800	1
1390	4563	444800	1
1391	4554	444800	1
1392	4542	444800	1
1393	4527	444800	1
1394	4509	444800	1
1395	4496	444800	1
1396	4485	444800	1
1397	4482	444800	1
1398	4479	444800	1
1399	4478	444800	1
1400	4473	444800	1
1401	4463	444800	1
1402	4427	444800	1
1403	4421	444800	1
1404	4420	444800	1
1405	4400	444800	1
1406	4393	444800	1
1407	4347	444800	1
1408	4336	444800	1
1409	4315	444800	1
1410	4301	444800	1
1411	4286	444800	1
1412	4278	444800	1
1413	4265	444800	1
1414	4216	444800	1
1415	4207	444800	1
1416	4206	444800	1
1417	4194	444800	1
1418	4191	444800	1
1419	4189	444800	1
1420	4181	444800	1
1421	4176	444800	1
1422	4171	444800	1
1423	4155	444800	1
1424	4129	444800	1
1425	4074	444800	1
1426	4073	444800	1
1427	4031	444800	1
1428	4029	444800	1
1429	4024	444800	1
1430	4023	444800	1
1431	4012	444800	1
1432	3979	444800	1
1433	3972	444800	1
1434	3967	444800	1
1435	3939	444800	1
1436	3935	444800	1
1437	3928	444800	1
1438	3928	444800	1
1439	3919	444800	1
1440	3897	444800	1
1441	3895	444800	1
1442	3888	444800	1
1443	3884	444800	1
1444	3884	444800	1
1445	3881	444800	1
1446	3855	444800	1
1447	3841	444800	1
1448	3834	444800	1
1449	3816	444800	1
1450	3815	444800	1
1451	3800	444800	1
1452	3776	444800	1
1453	3770	444800	1
1454	3758	444800	1
1455	3752	444800	1
1456	3737	444800	1
1457	3735	444800	1
1458	3731	444800	1
1459	3728	444800	1
1460	3721	444800	1
1461	3707	444800	1
1462	3706	444800	1
1463	3672	444800	1
1464	3668	444800	1
1465	3658	444800	1
1466	3647	444800	1
1467	3647	444800	1
1468	3638	444800	1
1469	3636	444800	1
1470	3605	444800	1
1471	3596	444800	1
1472	3547	444800	1
1473	3546	444800	1
1474	3533	444800	1
1475	3522	444800	1
1476	3522	444800	1
1477	3505	444800	1
1478	3501	444800	1
1479	3499	444800	1
1480	3496	444800	1
1481	3478	444800	1
1482	3475	444800	1
1483	3467	444800	1
1484	3450	444800	1
1485	3448	444800	1
1486	3439	444800	1
1487	3402	444800	1
1488	3379	444800	1
1489	3356	444800	1
1490	3354	444800	1
1491	3351	444800	1
1492	3342	444800	1
1493	3337	444800	1
1494	3295	444800	1
1495	3295	444800	1
1496	3268	444800	1
1497	3249	444800	1
1498	3237	444800	1
1499	3237	444800	1
1500	3225	444800	1
1501	3181	444800	1
1502	3177	444800	1
1503	3140	444800	1
1504	3139	444800	1
1505	3117	444800	1
1506	3117	444800	1
1507	3115	444800	1
1508	3114	444800	1
1509	3090	444800	1
1510	3089	444800	1
1511	3084	444800	1
1512	3065	444800	1
1513	3060	444800	1
1514	3053	444800	1
1515	3051	444800	1
1516	3049	444800	1
1517	3049	444800	1
1518	3042	444800	1
1519	3040	444800	1
1520	3016	444800	1
1521	3011	444800	1
1522	3001	444800	1
1523	2967	444800	1
1524	2956	444800	1
1525	2956	444800	1
1526	2946	444800	1
1527	2931	444800	1
1528	2902	444800	1
1529	2897	444800	1
1530	2895	444800	1
1531	2885	444800	1
1532	2881	444800	1
1533	2877	444800	1
1534	2854	444800	1
1535	2854	444800	1
1536	2843	444800	1
1537	2828	444800	1
1538	2827	444800	1
1539	2817	444800	1
1540	2779	444800	1
1541	2779	444800	1
1542	2746	444800	1
1543	2741	444800	1
1544	2735	444800	1
1545	2733	444800	1
1546	2726	444800	1
1547	2709	444800	1
1548	2706	444800	1
1549	2704	444800	1
1550	2702	444800	1
1551	2686	444800	1
1552	2685	444800	1
1553	2681	444800	1
1554	2678	444800	1
1555	2669	444800	1
1556	2664	444800	1
1557	2658	444800	1
1558	2638	444800	1
1559	2624	444800	1
1560	2621	444800	1
1561	2614	444800	1
1562	2608	444800	1
1563	2601	444800	1
1564	2595	444800	1
1565	2593	444800	1
1566	2592	444800	1
1567	2585	444800	1
1568	2582	444800	1
1569	2575	444800	1
1570	2575	444800	1
1571	2566	444800	1
1572	2552	444800	1
1573	2540	444800	1
1574	2525	444800	1
1575	2513	444800	1
1576	2508	444800	1
1577	2505	444800	1
1578	2502	444800	1
1579	2499	444800	1
1580	2494	444800	1
1581	2475	444800	1
1582	2474	444800	1
1583	2469	444800	1
1584	2463	444800	1
1585	2458	444800	1
1586	2458	444800	1
1587	2455	444800	1
1588	2447	444800	1
1589	2447	444800	1
1590	2444	444800	1
1591	2440	444800	1
1592	2438	444800	1
1593	2430	444800	1
1594	2430	444800	1
1595	2430	444800	1
1596	2428	444800	1
1597	2425	444800	1
1598	2412	444800	1
1599	2408	444800	1
1600	2392	444800	1
1601	2391	444800	1
1602	2388	444800	1
1603	2388	444800	1
1604	2381	444800	1
1605	2379	444800	1
1606	2372	444800	1
1607	2369	444800	1
1608	2368	444800	1
1609	2366	444800	1
1610	2353	444800	1
1611	2347	444800	1
1612	2342	444800	1
1613	2319	444800	1
1614	2318	444800	1
1615	2308	444800	1
1616	2292	444800	1
1617	2289	444800	1
1618	2277	444800	1
1619	2276	444800	1
1620	2267	444800	1
1621	2251	444800	1
1622	2247	444800	1
1623	2246	444800	1
1624	2242	444800	1
1625	2234	444800	1
1626	2230	444800	1
1627	2220	444800	1
1628	2211	444800	1
1629	2206	444800	1
1630	2201	444800	1
1631	2200	444800	1
1632	2192	444800	1
1633	2177	444800	1
1634	2170	444800	1
1635	2161	444800	1
1636	2153	444800	1
1637	2120	444800	1
1638	2119	444800	1
1639	2117	444800	1
1640	2116	444800	1
1641	2110	444800	1
1642	2107	444800	1
1643	2107	444800	1
1644	2107	444800	1
1645	2106	444800	1
1646	2104	444800	1
1647	2095	444800	1
1648	2092	444800	1
1649	2085	444800	1
1650	2084	444800	1
1651	2061	444800	1
1652	2056	444800	1
1653	2055	444800	1
1654	2042	444800	1
1655	2042	444800	1
1656	2038	444800	1
1657	2021	444800	1
1658	2016	444800	1
1659	2012	444800	1
1660	1994	444800	1
1661	1986	444800	1
1662	1965	444800	1
1663	1959	444800	1
1664	1954	444800	1
1665	1950	444800	1
1666	1949	444800	1
1667	1948	444800	1
1668	1938	444800	1
1669	1932	444800	1
1670	1924	444800	1
1671	1924	444800	1
1672	1920	444800	1
1673	1917	444800	1
1674	1902	444800	1
1675	1902	444800	1
1676	1887	444800	1
1677	1884	444800	1
1678	1881	444800	1
1679	1873	444800	1
1680	1864	444800	1
1681	1863	444800	1
1682	1862	444800	1
1683	1858	444800	1
1684	1835	444800	1
1685	1830	444800	1
1686	1819	444800	1
1687	1818	444800	1
1688	1810	444800	1
1689	1803	444800	1
1690	1798	444800	1
1691	1797	444800	1
1692	1784	444800	1
1693	1781	444800	1
1694	1778	444800	1
1695	1769	444800	1
1696	1760	444800	1
1697	1754	444800	1
1698	1744	444800	1
1699	1733	444800	1
1700	1732	444800	1
1701	1731	444800	1
1702	1724	444800	1
1703	1716	444800	1
1704	1708	444800	1
1705	1705	444800	1
1706	1689	444800	1
1707	1687	444800	1
1708	1674	444800	1
1709	1667	444800	1
1710	1663	444800	1
1711	1662	444800	1
1712	1655	444800	1
1713	1643	444800	1
1714	1638	444800	1
1715	1631	444800	1
1716	1628	444800	1
1717	1625	444800	1
1718	1614	444800	1
1719	1593	444800	1
1720	1587	444800	1
1721	1587	444800	1
1722	1585	444800	1
1723	1584	444800	1
1724	1584	444800	1
1725	1582	444800	1
1726	1576	444800	1
1727	1563	444800	1
1728	1550	444800	1
1729	1544	444800	1
1730	1542	444800	1
1731	1540	444800	1
1732	1538	444800	1
1733	1530	444800	1
1734	1530	444800	1
1735	1516	444800	1
1736	1510	444800	1
1737	1496	444800	1
1738	1490	444800	1
1739	1481	444800	1
1740	1480	444800	1
1741	1472	444800	1
1742	1466	444800	1
1743	1464	444800	1
1744	1463	444800	1
1745	1460	444800	1
1746	1459	444800	1
1747	1455	444800	1
1748	1450	444800	1
1749	1443	444800	1
1750	1439	444800	1
1751	1431	444800	1
1752	1430	444800	1
1753	1424	444800	1
1754	1423	444800	1
1755	1415	444800	1
1756	1409	444800	1
1757	1406	444800	1
1758	1403	444800	1
1759	1398	444800	1
1760	1393	444800	1
1761	1386	444800	1
1762	1384	444800	1
1763	1361	444800	1
1764	1361	444800	1
1765	1356	444800	1
1766	1349	444800	1
1767	1347	444800	1
1768	1346	444800	1
1769	1340	444800	1
1770	1334	444800	1
1771	1322	444800	1
1772	1308	444800	1
1773	1300	444800	1
1774	1298	444800	1
1775	1288	444800	1
1776	1285	444800	1
1777	1284	444800	1
1778	1272	444800	1
1779	1269	444800	1
1780	1269	444800	1
1781	1256	444800	1
1782	1256	444800	1
1783	1243	444800	1
1784	1241	444800	1
1785	1241	444800	1
1786	1239	444800	1
1787	1236	444800	1
1788	1234	444800	1
1789	1230	444800	1
1790	1230	444800	1
1791	1216	444800	1
1792	1216	444800	1
1793	1213	444800	1
1794	1211	444800	1
1795	1207	444800	1
1796	1201	444800	1
1797	1199	444800	1
1798	1193	444800	1
1799	1192	444800	1
1800	1184	444800	1
1801	1177	444800	1
1802	1164	444800	1
1803	1147	444800	1
1804	1145	444800	1
1805	1137	444800	1
1806	1130	444800	1
1807	1127	444800	1
1808	1126	444800	1
1809	1121	444800	1
1810	1120	444800	1
1811	1119	444800	1
1812	1116	444800	1
1813	1115	444800	1
1814	1115	444800	1
1815	1113	444800	1
1816	1112	444800	1
1817	1109	444800	1
1818	1108	444800	1
1819	1107	444800	1
1820	1099	444800	1
1821	1098	444800	1
1822	1094	444800	1
1823	1091	444800	1
1824	1087	444800	1
1825	1081	444800	1
1826	1080	444800	1
1827	1076	444800	1
1828	1074	444800	1
1829	1060	444800	1
1830	1047	444800	1
1831	1042	444800	1
1832	1039	444800	1
1833	1039	444800	1
1834	1039	444800	1
1835	1038	444800	1
1836	1037	444800	1
1837	1037	444800	1
1838	1024	444800	1
1839	1024	444800	1
1840	1024	444800	1
1841	1022	444800	1
1842	1022	444800	1
1843	1016	444800	1
1844	1010	444800	1
1845	998	444800	1
1846	991	444800	1
1847	991	444800	1
1848	990	444800	1
1849	985	444800	1
1850	984	444800	1
1851	984	444800	1
1852	957	444800	1
1853	957	444800	1
1854	952	444800	1
1855	952	444800	1
1856	950	444800	1
1857	947	444800	1
1858	946	444800	1
1859	942	444800	1
1860	936	444800	1
1861	933	444800	1
1862	931	444800	1
1863	931	444800	1
1864	925	444800	1
1865	919	444800	1
1866	919	444800	1
1867	915	444800	1
1868	913	444800	1
1869	911	444800	1
1870	911	444800	1
1871	910	444800	1
1872	902	444800	1
1873	899	444800	1
1874	898	444800	1
1875	895	444800	1
1876	894	444800	1
1877	892	444800	1
1878	887	444800	1
1879	886	444800	1
1880	883	444800	1
1881	880	444800	1
1882	880	444800	1
1883	879	444800	1
1884	878	444800	1
1885	873	444800	1
1886	873	444800	1
1887	870	444800	1
1888	864	444800	1
1889	862	444800	1
1890	856	444800	1
1891	855	444800	1
1892	853	444800	1
1893	843	444800	1
1894	843	444800	1
1895	840	444800	1
1896	840	444800	1
1897	835	444800	1
1898	835	444800	1
1899	823	444800	1
1900	822	444800	1
1901	814	444800	1
1902	812	444800	1
1903	810	444800	1
1904	810	444800	1
1905	808	444800	1
1906	808	444800	1
1907	807	444800	1
1908	804	444800	1
1909	802	444800	1
1910	801	444800	1
1911	801	444800	1
1912	793	444800	1
1913	790	444800	1
1914	788	444800	1
1915	782	444800	1
1916	779	444800	1
1917	777	444800	1
1918	777	444800	1
1919	776	444800	1
1920	774	444800	1
1921	773	444800	1
1922	769	444800	1
1923	763	444800	1
1924	763	444800	1
1925	762	444800	1
1926	751	444800	1
1927	749	444800	1
1928	746	444800	1
1929	745	444800	1
1930	743	444800	1
1931	743	444800	1
1932	742	444800	1
1933	740	444800	1
1934	736	444800	1
1935	734	444800	1
1936	732	444800	1
1937	732	444800	1
1938	727	444800	1
1939	726	444800	1
1940	725	444800	1
1941	724	444800	1
1942	722	444800	1
1943	715	444800	1
1944	715	444800	1
1945	713	444800	1
1946	710	444800	1
1947	708	444800	1
1948	703	444800	1
1949	703	444800	1
1950	698	444800	1
1951	698	444800	1
1952	696	444800	1
1953	680	444800	1
1954	679	444800	1
1955	678	444800	1
1956	678	444800	1
1957	677	444800	1
1958	675	444800	1
1959	666	444800	1
1960	661	444800	1
1961	661	444800	1
1962	660	444800	1
1963	659	444800	1
1964	658	444800	1
1965	647	444800	1
1966	647	444800	1
1967	646	444800	1
1968	638	444800	1
1969	633	444800	1
1970	632	444800	1
1971	632	444800	1
1972	628	444800	1
1973	626	444800	1
1974	625	444800	1
1975	625	444800	1
1976	619	444800	1
1977	610	444800	1
1978	610	444800	1
1979	606	444800	1
1980	604	444800	1
1981	602	444800	1
1982	600	444800	1
1983	599	444800	1
1984	597	444800	1
1985	589	444800	1
1986	588	444800	1
1987	588	444800	1
1988	585	444800	1
1989	585	444800	1
1990	582	444800	1
1991	582	444800	1
1992	578	444800	1
1993	574	444800	1
1994	573	444800	1
1995	571	444800	1
1996	566	444800	1
1997	566	444800	1
1998	565	444800	1
1999	565	444800	1
2000	564	444800	1
2001	563	444800	1
2002	562	444800	1
2003	561	444800	1
2004	559	444800	1
2005	559	444800	1
2006	557	444800	1
2007	556	444800	1
2008	555	444800	1
2009	555	444800	1
2010	551	444800	1
2011	551	444800	1
2012	547	444800	1
2013	545	444800	1
2014	542	444800	1
2015	539	444800	1
2016	536	444800	1
2017	534	444800	1
2018	532	444800	1
2019	529	444800	1
2020	529	444800	1
2021	529	444800	1
2022	528	444800	1
2023	528	444800	1
2024	528	444800	1
2025	527	444800	1
2026	524	444800	1
2027	523	444800	1
2028	521	444800	1
2029	520	444800	1
2030	518	444800	1
2031	518	444800	1
2032	517	444800	1
2033	516	444800	1
2034	512	444800	1
2035	512	444800	1
2036	509	444800	1
2037	508	444800	1
2038	507	444800	1
2039	503	444800	1
2040	503	444800	1
2041	496	444800	1
2042	493	444800	1
2043	490	444800	1
2044	490	444800	1
2045	489	444800	1
2046	488	444800	1
2047	487	444800	1
2048	487	444800	1
2049	486	444800	1
2050	484	444800	1
2051	483	444800	1
2052	482	444800	1
2053	481	444800	1
2054	480	444800	1
2055	475	444800	1
2056	474	444800	1
2057	473	444800	1
2058	465	444800	1
2059	465	444800	1
2060	462	444800	1
2061	461	444800	1
2062	458	444800	1
2063	454	444800	1
2064	454	444800	1
2065	451	444800	1
2066	450	444800	1
2067	450	444800	1
2068	446	444800	1
2069	443	444800	1
2070	442	444800	1
2071	442	444800	1
2072	437	444800	1
2073	437	444800	1
2074	437	444800	1
2075	436	444800	1
2076	435	444800	1
2077	434	444800	1
2078	432	444800	1
2079	431	444800	1
2080	428	444800	1
2081	427	444800	1
2082	425	444800	1
2083	423	444800	1
2084	421	444800	1
2085	420	444800	1
2086	418	444800	1
2087	418	444800	1
2088	418	444800	1
2089	417	444800	1
2090	416	444800	1
2091	416	444800	1
2092	415	444800	1
2093	414	444800	1
2094	411	444800	1
2095	407	444800	1
2096	406	444800	1
2097	405	444800	1
2098	404	444800	1
2099	401	444800	1
2100	400	444800	1
2101	400	444800	1
2102	399	444800	1
2103	399	444800	1
2104	398	444800	1
2105	398	444800	1
2106	396	444800	1
2107	394	444800	1
2108	394	444800	1
2109	390	444800	1
2110	390	444800	1
2111	389	444800	1
2112	384	444800	1
2113	383	444800	1
2114	382	444800	1
2115	382	444800	1
2116	381	444800	1
2117	380	444800	1
2118	379	444800	1
2119	377	444800	1
2120	377	444800	1
2121	372	444800	1
2122	371	444800	1
2123	369	444800	1
2124	368	444800	1
2125	367	444800	1
2126	367	444800	1
2127	366	444800	1
2128	365	444800	1
2129	365	444800	1
2130	364	444800	1
2131	363	444800	1
2132	362	444800	1
2133	359	444800	1
2134	357	444800	1
2135	355	444800	1
2136	354	444800	1
2137	354	444800	1
2138	353	444800	1
2139	353	444800	1
2140	353	444800	1
2141	352	444800	1
2142	348	444800	1
2143	346	444800	1
2144	344	444800	1
2145	342	444800	1
2146	341	444800	1
2147	340	444800	1
2148	339	444800	1
2149	338	444800	1
2150	337	444800	1
2151	335	444800	1
2152	335	444800	1
2153	335	444800	1
2154	328	444800	1
2155	327	444800	1
2156	326	444800	1
2157	323	444800	1
2158	323	444800	1
2159	323	444800	1
2160	322	444800	1
2161	319	444800	1
2162	318	444800	1
2163	312	444800	1
2164	312	444800	1
2165	311	444800	1
2166	310	444800	1
2167	310	444800	1
2168	307	444800	1
2169	306	444800	1
2170	305	444800	1
2171	304	444800	1
2172	303	444800	1
2173	303	444800	1
2174	300	444800	1
2175	297	444800	1
2176	297	444800	1
2177	297	444800	1
2178	294	444800	1
2179	292	444800	1
2180	291	444800	1
2181	286	444800	1
2182	284	444800	1
2183	284	444800	1
2184	282	444800	1
2185	281	444800	1
2186	280	444800	1
2187	280	444800	1
2188	276	444800	1
2189	275	444800	1
2190	274	444800	1
2191	273	444800	1
2192	272	444800	1
2193	272	444800	1
2194	271	444800	1
2195	270	444800	1
2196	269	444800	1
2197	268	444800	1
2198	268	444800	1
2199	266	444800	1
2200	265	444800	1
2201	265	444800	1
2202	265	444800	1
2203	264	444800	1
2204	264	444800	1
2205	263	444800	1
2206	263	444800	1
2207	263	444800	1
2208	260	444800	1
2209	259	444800	1
2210	255	444800	1
2211	254	444800	1
2212	254	444800	1
2213	251	444800	1
2214	249	444800	1
2215	249	444800	1
2216	247	444800	1
2217	247	444800	1
2218	247	444800	1
2219	245	444800	1
2220	245	444800	1
2221	244	444800	1
2222	243	444800	1
2223	242	444800	1
2224	241	444800	1
2225	241	444800	1
2226	240	444800	1
2227	238	444800	1
2228	238	444800	1
2229	236	444800	1
2230	235	444800	1
2231	234	444800	1
2232	234	444800	1
2233	230	444800	1
2234	230	444800	1
2235	226	444800	1
2236	225	444800	1
2237	224	444800	1
2238	221	444800	1
2239	221	444800	1
2240	221	444800	1
2241	221	444800	1
2242	219	444800	1
2243	219	444800	1
2244	218	444800	1
2245	217	444800	1
2246	217	444800	1
2247	216	444800	1
2248	215	444800	1
2249	214	444800	1
2250	213	444800	1
2251	212	444800	1
2252	212	444800	1
2253	212	444800	1
2254	211	444800	1
2255	211	444800	1
2256	209	444800	1
2257	209	444800	1
2258	208	444800	1
2259	208	444800	1
2260	206	444800	1
2261	201	444800	1
2262	201	444800	1
2263	199	444800	1
2264	198	444800	1
2265	198	444800	1
2266	197	444800	1
2267	196	444800	1
2268	196	444800	1
2269	195	444800	1
2270	193	444800	1
2271	193	444800	1
2272	193	444800	1
2273	191	444800	1
2274	191	444800	1
2275	191	444800	1
2276	191	444800	1
2277	191	444800	1
2278	190	444800	1
2279	188	444800	1
2280	187	444800	1
2281	186	444800	1
2282	186	444800	1
2283	181	444800	1
2284	181	444800	1
2285	180	444800	1
2286	177	444800	1
2287	176	444800	1
2288	173	444800	1
2289	172	444800	1
2290	172	444800	1
2291	170	444800	1
2292	168	444800	1
2293	168	444800	1
2294	167	444800	1
2295	167	444800	1
2296	166	444800	1
2297	166	444800	1
2298	166	444800	1
2299	164	444800	1
2300	163	444800	1
2301	160	444800	1
2302	160	444800	1
2303	159	444800	1
2304	159	444800	1
2305	158	444800	1
2306	158	444800	1
2307	157	444800	1
2308	156	444800	1
2309	154	444800	1
2310	152	444800	1
2311	152	444800	1
2312	151	444800	1
2313	151	444800	1
2314	149	444800	1
2315	148	444800	1
2316	145	444800	1
2317	145	444800	1
2318	145	444800	1
2319	145	444800	1
2320	144	444800	1
2321	144	444800	1
2322	144	444800	1
2323	143	444800	1
2324	143	444800	1
2325	143	444800	1
2326	143	444800	1
2327	142	444800	1
2328	139	444800	1
2329	139	444800	1
2330	137	444800	1
2331	137	444800	1
2332	136	444800	1
2333	136	444800	1
2334	135	444800	1
2335	135	444800	1
2336	133	444800	1
2337	133	444800	1
2338	132	444800	1
2339	131	444800	1
2340	130	444800	1
2341	129	444800	1
2342	128	444800	1
2343	128	444800	1
2344	127	444800	1
2345	126	444800	1
2346	126	444800	1
2347	126	444800	1
2348	125	444800	1
2349	124	444800	1
2350	123	444800	1
2351	123	444800	1
2352	123	444800	1
2353	121	444800	1
2354	121	444800	1
2355	120	444800	1
2356	119	444800	1
2357	119	444800	1
2358	119	444800	1
2359	119	444800	1
2360	119	444800	1
2361	118	444800	1
2362	118	444800	1
2363	117	444800	1
2364	116	444800	1
2365	116	444800	1
2366	116	444800	1
2367	115	444800	1
2368	115	444800	1
2369	112	444800	1
2370	112	444800	1
2371	111	444800	1
2372	110	444800	1
2373	110	444800	1
2374	109	444800	1
2375	109	444800	1
2376	108	444800	1
2377	108	444800	1
2378	107	444800	1
2379	107	444800	1
2380	107	444800	1
2381	106	444800	1
2382	105	444800	1
2383	104	444800	1
2384	104	444800	1
2385	104	444800	1
2386	101	444800	1
2387	101	444800	1
2388	101	444800	1
2389	101	444800	1
2390	99	444800	1
2391	99	444800	1
2392	98	444800	1
2393	98	444800	1
2394	98	444800	1
2395	97	444800	1
2396	97	444800	1
2397	95	444800	1
2398	95	444800	1
2399	93	444800	1
2400	92	444800	1
2401	90	444800	1
2402	89	444800	1
2403	88	444800	1
2404	87	444800	1
2405	87	444800	1
2406	87	444800	1
2407	87	444800	1
2408	86	444800	1
2409	86	444800	1
2410	86	444800	1
2411	84	444800	1
2412	84	444800	1
2413	83	444800	1
2414	79	444800	1
2415	79	444800	1
2416	78	444800	1
2417	76	444800	1
2418	74	444800	1
2419	74	444800	1
2420	72	444800	1
2421	72	444800	1
2422	72	444800	1
2423	71	444800	1
2424	69	444800	1
2425	68	444800	1
2426	67	444800	1
2427	67	444800	1
2428	67	444800	1
2429	66	444800	1
2430	66	444800	1
2431	66	444800	1
2432	65	444800	1
2433	62	444800	1
2434	61	444800	1
2435	59	444800	1
2436	59	444800	1
2437	59	444800	1
2438	59	444800	1
2439	57	444800	1
2440	57	444800	1
2441	57	444800	1
2442	56	444800	1
2443	55	444800	1
2444	55	444800	1
2445	55	444800	1
2446	54	444800	1
2447	52	444800	1
2448	51	444800	1
2449	51	444800	1
2450	51	444800	1
2451	51	444800	1
2452	50	444800	1
2453	50	444800	1
2454	50	444800	1
2455	49	444800	1
2456	49	444800	1
2457	49	444800	1
2458	48	444800	1
2459	47	444800	1
2460	46	444800	1
2461	45	444800	1
2462	43	444800	1
2463	43	444800	1
2464	42	444800	1
2465	42	444800	1
2466	42	444800	1
2467	41	444800	1
2468	40	444800	1
2469	40	444800	1
2470	39	444800	1
2471	38	444800	1
2472	37	444800	1
2473	37	444800	1
2474	37	444800	1
2475	37	444800	1
2476	36	444800	1
2477	36	444800	1
2478	36	444800	1
2479	36	444800	1
2480	36	444800	1
2481	35	444800	1
2482	32	444800	1
2483	32	444800	1
2484	32	444800	1
2485	32	444800	1
2486	31	444800	1
2487	31	444800	1
2488	31	444800	1
2489	31	444800	1
2490	30	444800	1
2491	30	444800	1
2492	29	444800	1
2493	29	444800	1
2494	29	444800	1
2495	28	444800	1
2496	28	444800	1
2497	28	444800	1
2498	27	444800	1
2499	26	444800	1
2500	25	444800	1
2501	25	444800	1
2502	25	444800	1
2503	25	444800	1
2504	24	444800	1
2505	24	444800	1
2506	24	444800	1
2507	24	444800	1
2508	23	444800	1
2509	23	444800	1
2510	23	444800	1
2511	23	444800	1
2512	23	444800	1
2513	23	444800	1
2514	22	444800	1
2515	21	444800	1
2516	21	444800	1
2517	21	444800	1
2518	21	444800	1
2519	21	444800	1
2520	21	444800	1
2521	21	444800	1
2522	20	444800	1
2523	20	444800	1
2524	20	444800	1
2525	20	444800	1
2526	20	444800	1
2527	20	444800	1
2528	19	444800	1
2529	19	444800	1
2530	17	444800	1
2531	17	444800	1
2532	17	444800	1
2533	17	444800	1
2534	17	444800	1
2535	17	444800	1
2536	17	444800	1
2537	17	444800	1
2538	17	444800	1
2539	16	444800	1
2540	16	444800	1
2541	15	444800	1
2542	15	444800	1
2543	15	444800	1
2544	15	444800	1
2545	15	444800	1
2546	15	444800	1
2547	15	444800	1
2548	14	444800	1
2549	14	444800	1
2550	14	444800	1
2551	14	444800	1
2552	13	444800	1
2553	13	444800	1
2554	13	444800	1
2555	13	444800	1
2556	13	444800	1
2557	13	444800	1
2558	13	444800	1
2559	13	444800	1
2560	13	444800	1
2561	13	444800	1
2562	13	444800	1
2563	13	444800	1
2564	12	444800	1
2565	12	444800	1
2566	12	444800	1
2567	12	444800	1
2568	12	444800	1
2569	12	444800	1
2570	11	444800	1
2571	11	444800	1
2572	10	444800	1
2573	10	444800	1
2574	10	444800	1
2575	10	444800	1
2576	10	444800	1
2577	10	444800	1
2578	10	444800	1
2579	10	444800	1
2580	10	444800	1
2581	9	444800	1
2582	9	444800	1
2583	8	444800	1
2584	8	444800	1
2585	8	444800	1
2586	8	444800	1
2587	8	444800	1
2588	8	444800	1
2589	8	444800	1
2590	8	444800	1
2591	8	444800	1
2592	8	444800	1
2593	7	444800	1
2594	7	444800	1
2595	7	444800	1
2596	7	444800	1
2597	6	444800	1
2598	6	444800	1
2599	6	444800	1
2600	6	444800	1
2601	6	444800	1
2602	6	444800	1
2603	6	444800	1
2604	6	444800	1
2605	6	444800	1
2606	6	444800	1
2607	5	444800	1
2608	5	444800	1
2609	5	444800	1
2610	5	444800	1
2611	5	444800	1
2612	5	444800	1
2613	5	444800	1
2614	5	444800	1
2615	5	444800	1
2616	5	444800	1
2617	5	444800	1
2618	5	444800	1
2619	5	444800	1
2620	4	444800	1
2621	4	444800	1
2622	4	444800	1
2623	4	444800	1
2624	4	444800	1
2625	3	444800	1
2626	3	444800	1
2627	3	444800	1
2628	3	444800	1
2629	3	444800	1
2630	3	444800	1
2631	3	444800	1
2632	3	444800	1
2633	3	444800	1
2634	2	444800	1
2635	2	444800	1
2636	2	444800	1
2637	2	444800	1
2638	2	444800	1
2639	2	444800	1
2640	2	444800	1
2641	2	444800	1
2642	2	444800	1
2643	2	444800	1
2644	2	444800	1
2645	2	444800	1
2646	1	444800	1
2647	1	444800	1
2648	1	444800	1
2649	1	444800	1
2650	1	444800	1
2651	1	444800	1
2652	1	444800	1
2653	1	444800	1
2654	1	444800	1
2655	1	444800	1
2656	1	444800	1
2657	1	444800	1
2658	1	444800	1
2659	0	444800	1
2660	0	444800	1
2661	0	444800	1
2662	0	444800	1
2663	0	444800	1
2664	0	444800	1
2665	0	444800	1
2666	0	444800	1
2667	0	444800	1
2668	0	444800	1
2669	0	444800	1
2670	0	444800	1
2671	0	444800	1
2672	0	444800	1
2673	0	444800	1
2674	0	444800	1
2675	0	444800	1
2676	0	444800	1
2677	0	444800	1
2678	0	444800	1
2679	0	444800	1
2680	0	444800	1
2681	0	444800	1
2682	0	444800	1
2683	0	444800	1
2684	0	444800	1
2685	0	444800	1
2686	0	444800	1
2687	0	444800	1
2688	0	444800	1
2689	0	444800	1
2690	0	444800	1
2691	0	444800	1
2692	0	444800	1
2693	0	444800	1
2694	0	444800	1
2695	0	444800	1
2696	0	444800	1
2697	0	444800	1
2698	0	444800	1
2699	0	444800	1
2700	0	444800	1
2701	0	444800	1
2702	0	444800	1
2703	0	444800	1
2704	0	444800	1
2705	0	444800	1
2706	0	444800	1
2707	0	444800	1
2708	0	444800	1
2709	0	444800	1
2710	0	444800	1
2711	0	444800	1
2712	0	444800	1
2713	0	444800	1
2714	0	444800	1
2715	0	444800	1
2716	0	444800	1
2717	0	444800	1
2718	0	444800	1
2719	0	444800	1
2720	0	444800	1
2721	0	444800	1
2722	0	444800	1
2723	0	444800	1
2724	0	444800	1
2725	0	444800	1
2726	0	444800	1
2727	0	444800	1
2728	0	444800	1
2729	0	444800	1
2730	0	444800	1
2731	0	444800	1
2732	0	444800	1
2733	0	444800	1
2734	0	444800	1
2735	0	444800	1
2736	0	444800	1
2737	0	444800	1
2738	0	444800	1
2739	0	444800	1
2740	0	444800	1
2741	0	444800	1
2742	0	444800	1
2743	0	444800	1
2744	0	444800	1
2745	0	444800	1
2746	0	444800	1
2747	0	444800	1
2748	0	444800	1
2749	0	444800	1
2750	0	444800	1
2751	0	444800	1
2752	0	444800	1
2753	0	444800	1
2754	0	444800	1
2755	0	444800	1
2756	0	444800	1
2757	0	444800	1
2758	0	444800	1
2759	0	444800	1
2760	0	444800	1
2761	0	444800	1
2762	0	444800	1
2763	0	444800	1
2764	0	444800	1
2765	0	444800	1
2766	0	444800	1
2767	0	444800	1
2768	0	444800	1
2769	0	444800	1
2770	0	444800	1
2771	0	444800	1
2772	0	444800	1
2773	0	444800	1
2774	0	444800	1
2775	0	444800	1
2776	0	444800	1
2777	0	444800	1
2778	0	444800	1
2779	0	444800	1
2780	0	444800	1
2781	0	444800	1
2782	0	444800	1
2783	0	444800	1
2784	0	444800	1
2785	0	444800	1
2786	0	444800	1
2787	0	444800	1
2788	0	444800	1
2789	0	444800	1
2790	0	444800	1
2791	0	444800	1
2792	0	444800	1
2793	0	444800	1
2794	0	444800	1
2795	0	444800	1
2796	0	444800	1
2797	0	444800	1
2798	0	444800	1
2799	0	444800	1
2800	0	444800	1
2801	0	444800	1
2802	0	444800	1
2803	0	444800	1
2804	0	444800	1
2805	0	444800	1
2806	0	444800	1
2807	0	444800	1
2808	0	444800	1
2809	0	444800	1
2810	0	444800	1
2811	0	444800	1
2812	0	444800	1
2813	0	444800	1
2814	0	444800	1
2815	0	444800	1
2816	0	444800	1
2817	0	444800	1
2818	0	444800	1
2819	0	444800	1
2820	0	444800	1
2821	0	444800	1
2822	0	444800	1
2823	0	444800	1
2824	0	444800	1
2825	0	444800	1
2826	0	444800	1
2827	0	444800	1
2828	0	444800	1
2829	0	444800	1
2830	0	444800	1
2831	0	444800	1
2832	0	444800	1
2833	0	444800	1
2834	0	444800	1
2835	0	444800	1
2836	0	444800	1
2837	0	444800	1
2838	0	444800	1
2839	0	444800	1
2840	0	444800	1
2841	0	444800	1
2842	0	444800	1
2843	0	444800	1
2844	0	444800	1
2845	0	444800	1
2846	0	444800	1
2847	0	444800	1
2848	0	444800	1
2849	0	444800	1
2850	0	444800	1
2851	0	444800	1
2852	0	444800	1
2853	0	444800	1
2854	0	444800	1
2855	0	444800	1
2856	0	444800	1
2857	0	444800	1
2858	0	444800	1
2859	0	444800	1
2860	0	444800	1
2861	0	444800	1
2862	0	444800	1
2863	0	444800	1
2864	0	444800	1
2865	0	444800	1
2866	0	444800	1
2867	0	444800	1
2868	0	444800	1
2869	0	444800	1
2870	0	444800	1
2871	0	444800	1
2872	0	444800	1
2873	0	444800	1
2874	0	444800	1
2875	0	444800	1
2876	0	444800	1
2877	0	444800	1
2878	0	444800	1
2879	0	444800	1
2880	0	444800	1
2881	0	444800	1
2882	0	444800	1
2883	0	444800	1
2884	0	444800	1
2885	0	444800	1
2886	0	444800	1
2887	0	444800	1
2888	0	444800	1
2889	0	444800	1
2890	0	444800	1
2891	0	444800	1
2892	0	444800	1
2893	0	444800	1
2894	0	444800	1
2895	0	444800	1
2896	0	444800	1
2897	0	444800	1
2898	0	444800	1
2899	0	444800	1
2900	0	444800	1
2901	0	444800	1
2902	0	444800	1
2903	0	444800	1
2904	0	444800	1
2905	0	444800	1
2906	0	444800	1
2907	0	444800	1
2908	0	444800	1
2909	0	444800	1
2910	0	444800	1
2911	0	444800	1
2912	0	444800	1
2913	0	444800	1
2914	0	444800	1
2915	0	444800	1
2916	0	444800	1
2917	0	444800	1
2918	0	444800	1
2919	0	444800	1
2920	0	444800	1
2921	0	444800	1
2922	0	444800	1
2923	0	444800	1
2924	0	444800	1
2925	0	444800	1
2926	0	444800	1
2927	0	444800	1
2928	0	444800	1
2929	0	444800	1
2930	0	444800	1
2931	0	444800	1
2932	0	444800	1
2933	0	444800	1
2934	0	444800	1
2935	0	444800	1
2936	0	444800	1
2937	0	444800	1
2938	0	444800	1
2939	0	444800	1
2940	0	444800	1
2941	0	444800	1
2942	0	444800	1
2943	0	444800	1
2944	0	444800	1
2945	0	444800	1
2946	0	444800	1
2947	0	444800	1
2948	0	444800	1
2949	0	444800	1
2950	0	444800	1
2951	0	444800	1
2952	0	444800	1
2953	0	444800	1
2954	0	444800	1
2955	0	444800	1
2956	0	444800	1
2957	0	444800	1
2958	0	444800	1
2959	0	444800	1
2960	0	444800	1
2961	0	444800	1
2962	0	444800	1
2963	0	444800	1
2964	0	444800	1
2965	0	444800	1
2966	0	444800	1
2967	0	444800	1
2968	0	444800	1
2969	0	444800	1
2970	0	444800	1
2971	0	444800	1
2972	0	444800	1
2973	0	444800	1
2974	0	444800	1
2975	0	444800	1
2976	0	444800	1
2977	0	444800	1
2978	0	444800	1
2979	0	444800	1
2980	0	444800	1
2981	0	444800	1
2982	0	444800	1
2983	0	444800	1
2984	0	444800	1
2985	0	444800	1
2986	0	444800	1
2987	0	444800	1
2988	0	444800	1
2989	0	444800	1
2990	0	444800	1
2991	0	444800	1
2992	0	444800	1
2993	0	444800	1
2994	0	444800	1
2995	0	444800	1
2996	0	444800	1
2997	0	444800	1
2998	0	444800	1
2999	0	444800	1
3000	0	444800	1
3001	0	444800	1
3002	0	444800	1
3003	0	444800	1
3004	0	444800	1
3005	0	444800	1
3006	0	444800	1
3007	0	444800	1
3008	0	444800	1
3009	0	444800	1
3010	0	444800	1
3011	0	444800	1
3012	0	444800	1
3013	0	444800	1
3014	0	444800	1
3015	0	444800	1
3016	0	444800	1
3017	0	444800	1
3018	0	444800	1
3019	0	444800	1
3020	0	444800	1
3021	0	444800	1
3022	0	444800	1
3023	0	444800	1
3024	0	444800	1
3025	0	444800	1
3026	0	444800	1
3027	0	444800	1
3028	0	444800	1
3029	0	444800	1
3030	0	444800	1
3031	0	444800	1
3032	0	444800	1
3033	0	444800	1
3034	0	444800	1
3035	0	444800	1
3036	0	444800	1
3037	0	444800	1
3038	0	444800	1
3039	0	444800	1
3040	0	444800	1
3041	0	444800	1
3042	0	444800	1
3043	0	444800	1
3044	0	444800	1
3045	0	444800	1
3046	0	444800	1
3047	0	444800	1
3048	0	444800	1
3049	0	444800	1
3050	0	444800	1
3051	0	444800	1
3052	0	444800	1
3053	0	444800	1
3054	0	444800	1
3055	0	444800	1
3056	0	444800	1
3057	0	444800	1
3058	0	444800	1
3059	0	444800	1
3060	0	444800	1
3061	0	444800	1
3062	0	444800	1
3063	0	444800	1
3064	0	444800	1
3065	0	444800	1
3066	0	444800	1
3067	0	444800	1
3068	0	444800	1
3069	0	444800	1
3070	0	444800	1
3071	0	444800	1
3072	0	444800	1
3073	0	444800	1
3074	0	444800	1
3075	0	444800	1
3076	0	444800	1
3077	0	444800	1
3078	0	444800	1
3079	0	444800	1
3080	0	444800	1
3081	0	444800	1
3082	0	444800	1
3083	0	444800	1
3084	0	444800	1
3085	0	444800	1
3086	0	444800	1
3087	0	444800	1
3088	0	444800	1
3089	0	444800	1
3090	0	444800	1
3091	0	444800	1
3092	0	444800	1
3093	0	444800	1
3094	0	444800	1
3095	0	444800	1
3096	0	444800	1
3097	0	444800	1
3098	0	444800	1
3099	0	444800	1
3100	0	444800	1
3101	0	444800	1
3102	0	444800	1
3103	0	444800	1
3104	0	444800	1
3105	0	444800	1
3106	0	444800	1
3107	0	444800	1
3108	0	444800	1
3109	0	444800	1
3110	0	444800	1
3111	0	444800	1
3112	0	444800	1
3113	0	444800	1
3114	0	444800	1
3115	0	444800	1
3116	0	444800	1
3117	0	444800	1
3118	0	444800	1
3119	0	444800	1
3120	0	444800	1
3121	0	444800	1
3122	0	444800	1
3123	0	444800	1
3124	0	444800	1
3125	0	444800	1
3126	0	444800	1
3127	0	444800	1
3128	0	444800	1
3129	0	444800	1
3130	0	444800	1
3131	0	444800	1
3132	0	444800	1
3133	0	444800	1
3134	0	444800	1
3135	0	444800	1
3136	0	444800	1
3137	0	444800	1
3138	0	444800	1
3139	0	444800	1
3140	0	444800	1
3141	0	444800	1
3142	0	444800	1
3143	0	444800	1
3144	0	444800	1
3145	0	444800	1
3146	0	444800	1
3147	0	444800	1
3148	0	444800	1
3149	0	444800	1
3150	0	444800	1
3151	0	444800	1
3152	0	444800	1
3153	0	444800	1
3154	0	444800	1
3155	0	444800	1
3156	0	444800	1
3157	0	444800	1
3158	0	444800	1
3159	0	444800	1
3160	0	444800	1
3161	0	444800	1
3162	0	444800	1
3163	0	444800	1
3164	0	444800	1
3165	0	444800	1
3166	0	444800	1
3167	0	444800	1
3168	0	444800	1
3169	0	444800	1
3170	0	444800	1
3171	0	444800	1
3172	0	444800	1
3173	0	444800	1
3174	0	444800	1
3175	0	444800	1
3176	0	444800	1
3177	0	444800	1
3178	0	444800	1
3179	0	444800	1
3180	0	444800	1
3181	0	444800	1
3182	0	444800	1
3183	0	444800	1
3184	0	444800	1
3185	0	444800	1
3186	0	444800	1
3187	0	444800	1
3188	0	444800	1
3189	0	444800	1
3190	0	444800	1
3191	0	444800	1
3192	0	444800	1
3193	0	444800	1
3194	0	444800	1
3195	0	444800	1
3196	0	444800	1
3197	0	444800	1
3198	0	444800	1
3199	0	444800	1
3200	0	444800	1
3201	0	444800	1
3202	0	444800	1
3203	0	444800	1
3204	0	444800	1
3205	0	444800	1
3206	0	444800	1
3207	0	444800	1
3208	0	444800	1
3209	0	444800	1
3210	0	444800	1
3211	0	444800	1
3212	0	444800	1
3213	0	444800	1
3214	0	444800	1
3215	0	444800	1
3216	0	444800	1
3217	0	444800	1
3218	0	444800	1
3219	0	444800	1
3220	0	444800	1
3221	0	444800	1
3222	0	444800	1
3223	0	444800	1
3224	0	444800	1
3225	0	444800	1
3226	0	444800	1
3227	0	444800	1
3228	0	444800	1
3229	0	444800	1
3230	0	444800	1
3231	0	444800	1
3232	0	444800	1
3233	0	444800	1
3234	0	444800	1
3235	0	444800	1
3236	0	444800	1
3237	0	444800	1
3238	0	444800	1
3239	0	444800	1
3240	0	444800	1
3241	0	444800	1
3242	0	444800	1
3243	0	444800	1
3244	0	444800	1
3245	0	444800	1
3246	0	444800	1
3247	0	444800	1
3248	0	444800	1
3249	0	444800	1
3250	0	444800	1
3251	0	444800	1
3252	0	444800	1
3253	0	444800	1
3254	0	444800	1
3255	0	444800	1
3256	0	444800	1
3257	0	444800	1
3258	0	444800	1
3259	0	444800	1
3260	0	444800	1
3261	0	444800	1
3262	0	444800	1
3263	0	444800	1
3264	0	444800	1
3265	0	444800	1
3266	0	444800	1
3267	0	444800	1
3268	0	444800	1
3269	0	444800	1
3270	0	444800	1
3271	0	444800	1
3272	0	444800	1
3273	0	444800	1
3274	0	444800	1
3275	0	444800	1
3276	0	444800	1
3277	0	444800	1
3278	0	444800	1
3279	0	444800	1
3280	0	444800	1
3281	0	444800	1
3282	0	444800	1
3283	0	444800	1
3284	0	444800	1
3285	0	444800	1
3286	0	444800	1
3287	0	444800	1
3288	0	444800	1
3289	0	444800	1
3290	0	444800	1
3291	0	444800	1
3292	0	444800	1
3293	0	444800	1
3294	0	444800	1
3295	0	444800	1
3296	0	444800	1
3297	0	444800	1
3298	0	444800	1
3299	0	444800	1
3300	0	444800	1
3301	0	444800	1
3302	0	444800	1
3303	0	444800	1
3304	0	444800	1
3305	0	444800	1
3306	0	444800	1
3307	0	444800	1
3308	0	444800	1
3309	0	444800	1
3310	0	444800	1
3311	0	444800	1
3312	0	444800	1
3313	0	444800	1
3314	0	444800	1
3315	0	444800	1
3316	0	444800	1
3317	0	444800	1
3318	0	444800	1
3319	0	444800	1
3320	0	444800	1
3321	0	444800	1
3322	0	444800	1
3323	0	444800	1
3324	0	444800	1
3325	0	444800	1
3326	0	444800	1
3327	0	444800	1
3328	0	444800	1
3329	0	444800	1
3330	0	444800	1
3331	0	444800	1
3332	0	444800	1
3333	0	444800	1
3334	0	444800	1
3335	0	444800	1
3336	0	444800	1
3337	0	444800	1
3338	0	444800	1
3339	0	444800	1
3340	0	444800	1
3341	0	444800	1
3342	0	444800	1
3343	0	444800	1
3344	0	444800	1
3345	0	444800	1
3346	0	444800	1
3347	0	444800	1
3348	0	444800	1
3349	0	444800	1
3350	0	444800	1
3351	0	444800	1
3352	0	444800	1
3353	0	444800	1
3354	0	444800	1
3355	0	444800	1
3356	0	444800	1
3357	0	444800	1
3358	0	444800	1
3359	0	444800	1
3360	0	444800	1
3361	0	444800	1
3362	0	444800	1
3363	0	444800	1
3364	0	444800	1
3365	0	444800	1
3366	0	444800	1
3367	0	444800	1
3368	0	444800	1
3369	0	444800	1
3370	0	444800	1
3371	0	444800	1
3372	0	444800	1
3373	0	444800	1
3374	0	444800	1
3375	0	444800	1
3376	0	444800	1
3377	0	444800	1
3378	0	444800	1
3379	0	444800	1
3380	0	444800	1
3381	0	444800	1
3382	0	444800	1
3383	0	444800	1
3384	0	444800	1
3385	0	444800	1
3386	0	444800	1
3387	0	444800	1
3388	0	444800	1
3389	0	444800	1
3390	0	444800	1
3391	0	444800	1
3392	0	444800	1
3393	0	444800	1
3394	0	444800	1
3395	0	444800	1
3396	0	444800	1
3397	0	444800	1
3398	0	444800	1
3399	0	444800	1
3400	0	444800	1
3401	0	444800	1
3402	0	444800	1
3403	0	444800	1
3404	0	444800	1
3405	0	444800	1
3406	0	444800	1
3407	0	444800	1
3408	0	444800	1
3409	0	444800	1
3410	0	444800	1
3411	0	444800	1
3412	0	444800	1
3413	0	444800	1
3414	0	444800	1
3415	0	444800	1
3416	0	444800	1
3417	0	444800	1
3418	0	444800	1
3419	0	444800	1
3420	0	444800	1
3421	0	444800	1
3422	0	444800	1
3423	0	444800	1
3424	0	444800	1
3425	0	444800	1
3426	0	444800	1
3427	0	444800	1
3428	0	444800	1
3429	0	444800	1
3430	0	444800	1
3431	0	444800	1
3432	0	444800	1
3433	0	444800	1
3434	0	444800	1
3435	0	444800	1
3436	0	444800	1
3437	0	444800	1
3438	0	444800	1
3439	0	444800	1
3440	0	444800	1
3441	0	444800	1
3442	0	444800	1
3443	0	444800	1
3444	0	444800	1
3445	0	444800	1
3446	0	444800	1
3447	0	444800	1
3448	0	444800	1
3449	0	444800	1
3450	0	444800	1
3451	0	444800	1
3452	0	444800	1
3453	0	444800	1
3454	0	444800	1
3455	0	444800	1
3456	0	444800	1
3457	0	444800	1
3458	0	444800	1
3459	0	444800	1
3460	0	444800	1
3461	0	444800	1
3462	0	444800	1
3463	0	444800	1
3464	0	444800	1
3465	0	444800	1
3466	0	444800	1
3467	0	444800	1
3468	0	444800	1
3469	0	444800	1
3470	0	444800	1
3471	0	444800	1
3472	0	444800	1
3473	0	444800	1
3474	0	444800	1
3475	0	444800	1
3476	0	444800	1
3477	0	444800	1
3478	0	444800	1
3479	0	444800	1
3480	0	444800	1
3481	0	444800	1
3482	0	444800	1
3483	0	444800	1
3484	0	444800	1
3485	0	444800	1
3486	0	444800	1
3487	0	444800	1
3488	0	444800	1
3489	0	444800	1
3490	0	444800	1
3491	0	444800	1
3492	0	444800	1
3493	0	444800	1
3494	0	444800	1
3495	0	444800	1
3496	0	444800	1
3497	0	444800	1
3498	0	444800	1
3499	0	444800	1
3500	0	444800	1
3501	0	444800	1
3502	0	444800	1
3503	0	444800	1
3504	0	444800	1
3505	0	444800	1
