order	fre	frePool	ratio
1	870	870	0.740425531914894
2	852	1017	0.865531914893617
3	832	1022	0.869787234042553
4	830	1025	0.872340425531915
5	812	1025	0.872340425531915
6	794	1041	0.885957446808511
7	789	1041	0.885957446808511
8	763	1041	0.885957446808511
9	748	1048	0.891914893617021
10	706	1054	0.897021276595745
11	697	1071	0.911489361702128
12	686	1079	0.918297872340425
13	675	1079	0.918297872340425
14	669	1079	0.918297872340425
15	664	1079	0.918297872340425
16	659	1101	0.937021276595745
17	612	1109	0.943829787234043
18	603	1116	0.949787234042553
19	601	1116	0.949787234042553
20	575	1116	0.949787234042553
21	575	1116	0.949787234042553
22	571	1116	0.949787234042553
23	570	1116	0.949787234042553
24	568	1123	0.955744680851064
25	566	1123	0.955744680851064
26	563	1123	0.955744680851064
27	553	1123	0.955744680851064
28	546	1123	0.955744680851064
29	540	1123	0.955744680851064
30	538	1123	0.955744680851064
31	535	1123	0.955744680851064
32	531	1123	0.955744680851064
33	525	1123	0.955744680851064
34	520	1123	0.955744680851064
35	517	1123	0.955744680851064
36	516	1130	0.961702127659574
37	511	1130	0.961702127659574
38	511	1130	0.961702127659574
39	511	1130	0.961702127659574
40	510	1130	0.961702127659574
41	507	1130	0.961702127659574
42	505	1130	0.961702127659574
43	503	1130	0.961702127659574
44	500	1130	0.961702127659574
45	497	1130	0.961702127659574
46	496	1130	0.961702127659574
47	495	1130	0.961702127659574
48	490	1130	0.961702127659574
49	490	1130	0.961702127659574
50	488	1130	0.961702127659574
51	488	1130	0.961702127659574
52	487	1130	0.961702127659574
53	482	1130	0.961702127659574
54	482	1130	0.961702127659574
55	481	1130	0.961702127659574
56	479	1130	0.961702127659574
57	478	1130	0.961702127659574
58	477	1130	0.961702127659574
59	476	1130	0.961702127659574
60	476	1130	0.961702127659574
61	475	1130	0.961702127659574
62	472	1130	0.961702127659574
63	472	1130	0.961702127659574
64	469	1130	0.961702127659574
65	468	1130	0.961702127659574
66	465	1138	0.968510638297872
67	465	1138	0.968510638297872
68	465	1138	0.968510638297872
69	463	1138	0.968510638297872
70	462	1138	0.968510638297872
71	462	1138	0.968510638297872
72	461	1138	0.968510638297872
73	461	1138	0.968510638297872
74	460	1138	0.968510638297872
75	460	1138	0.968510638297872
76	459	1138	0.968510638297872
77	455	1138	0.968510638297872
78	454	1138	0.968510638297872
79	453	1138	0.968510638297872
80	453	1138	0.968510638297872
81	449	1147	0.976170212765958
82	449	1147	0.976170212765958
83	446	1147	0.976170212765958
84	443	1154	0.982127659574468
85	443	1154	0.982127659574468
86	441	1154	0.982127659574468
87	438	1154	0.982127659574468
88	438	1154	0.982127659574468
89	438	1175	1
90	437	1175	1
91	437	1175	1
92	437	1175	1
93	436	1175	1
94	436	1175	1
95	435	1175	1
96	434	1175	1
97	434	1175	1
98	433	1175	1
99	433	1175	1
100	432	1175	1
101	431	1175	1
102	431	1175	1
103	429	1175	1
104	428	1175	1
105	427	1175	1
106	427	1175	1
107	427	1175	1
108	426	1175	1
109	426	1175	1
110	425	1175	1
111	424	1175	1
112	423	1175	1
113	422	1175	1
114	422	1175	1
115	422	1175	1
116	421	1175	1
117	420	1175	1
118	419	1175	1
119	417	1175	1
120	417	1175	1
121	417	1175	1
122	416	1175	1
123	415	1175	1
124	415	1175	1
125	415	1175	1
126	414	1175	1
127	414	1175	1
128	414	1175	1
129	414	1175	1
130	414	1175	1
131	413	1175	1
132	413	1175	1
133	413	1175	1
134	413	1175	1
135	413	1175	1
136	412	1175	1
137	412	1175	1
138	412	1175	1
139	411	1175	1
140	410	1175	1
141	410	1175	1
142	410	1175	1
143	410	1175	1
144	410	1175	1
145	409	1175	1
146	409	1175	1
147	409	1175	1
148	408	1175	1
149	408	1175	1
150	408	1175	1
151	408	1175	1
152	408	1175	1
153	407	1175	1
154	407	1175	1
155	407	1175	1
156	407	1175	1
157	407	1175	1
158	406	1175	1
159	406	1175	1
160	406	1175	1
161	406	1175	1
162	406	1175	1
163	406	1175	1
164	406	1175	1
165	406	1175	1
166	405	1175	1
167	405	1175	1
168	405	1175	1
169	405	1175	1
170	405	1175	1
171	404	1175	1
172	404	1175	1
173	404	1175	1
174	404	1175	1
175	404	1175	1
176	403	1175	1
177	403	1175	1
178	402	1175	1
179	401	1175	1
180	401	1175	1
181	401	1175	1
182	401	1175	1
183	401	1175	1
184	401	1175	1
185	401	1175	1
186	401	1175	1
187	401	1175	1
188	400	1175	1
189	400	1175	1
190	400	1175	1
191	399	1175	1
192	399	1175	1
193	399	1175	1
194	399	1175	1
195	399	1175	1
196	399	1175	1
197	399	1175	1
198	399	1175	1
199	398	1175	1
200	398	1175	1
201	398	1175	1
202	398	1175	1
203	398	1175	1
204	397	1175	1
205	397	1175	1
206	397	1175	1
207	397	1175	1
208	397	1175	1
209	397	1175	1
210	396	1175	1
211	396	1175	1
212	396	1175	1
213	396	1175	1
214	396	1175	1
215	396	1175	1
216	395	1175	1
217	395	1175	1
218	395	1175	1
219	395	1175	1
220	395	1175	1
221	395	1175	1
222	395	1175	1
223	394	1175	1
224	394	1175	1
225	394	1175	1
226	394	1175	1
227	394	1175	1
228	394	1175	1
229	394	1175	1
230	394	1175	1
231	393	1175	1
232	393	1175	1
233	393	1175	1
234	393	1175	1
235	393	1175	1
236	393	1175	1
237	393	1175	1
238	392	1175	1
239	392	1175	1
240	392	1175	1
241	392	1175	1
242	392	1175	1
243	392	1175	1
244	391	1175	1
245	391	1175	1
246	391	1175	1
247	391	1175	1
248	391	1175	1
249	391	1175	1
250	390	1175	1
251	390	1175	1
252	390	1175	1
253	389	1175	1
254	389	1175	1
255	389	1175	1
256	389	1175	1
257	389	1175	1
258	389	1175	1
259	389	1175	1
260	389	1175	1
261	388	1175	1
262	388	1175	1
263	388	1175	1
264	388	1175	1
265	388	1175	1
266	387	1175	1
267	387	1175	1
268	387	1175	1
269	387	1175	1
270	386	1175	1
271	386	1175	1
272	386	1175	1
273	385	1175	1
274	385	1175	1
275	385	1175	1
276	385	1175	1
277	384	1175	1
278	383	1175	1
279	383	1175	1
280	383	1175	1
281	383	1175	1
282	382	1175	1
283	382	1175	1
284	382	1175	1
285	381	1175	1
286	381	1175	1
287	381	1175	1
288	381	1175	1
289	380	1175	1
290	380	1175	1
291	380	1175	1
292	379	1175	1
293	379	1175	1
294	379	1175	1
295	378	1175	1
296	378	1175	1
297	377	1175	1
298	377	1175	1
299	377	1175	1
300	376	1175	1
301	376	1175	1
302	375	1175	1
303	375	1175	1
304	375	1175	1
305	375	1175	1
306	374	1175	1
307	374	1175	1
308	374	1175	1
309	374	1175	1
310	373	1175	1
311	373	1175	1
312	372	1175	1
313	372	1175	1
314	372	1175	1
315	369	1175	1
316	369	1175	1
317	368	1175	1
318	368	1175	1
319	368	1175	1
320	368	1175	1
321	368	1175	1
322	366	1175	1
323	366	1175	1
324	366	1175	1
325	366	1175	1
326	365	1175	1
327	365	1175	1
328	365	1175	1
329	364	1175	1
330	364	1175	1
331	364	1175	1
332	363	1175	1
333	363	1175	1
334	363	1175	1
335	363	1175	1
336	363	1175	1
337	363	1175	1
338	362	1175	1
339	362	1175	1
340	361	1175	1
341	361	1175	1
342	361	1175	1
343	360	1175	1
344	360	1175	1
345	360	1175	1
346	360	1175	1
347	359	1175	1
348	359	1175	1
349	359	1175	1
350	359	1175	1
351	358	1175	1
352	358	1175	1
353	358	1175	1
354	357	1175	1
355	357	1175	1
356	356	1175	1
357	356	1175	1
358	356	1175	1
359	355	1175	1
360	355	1175	1
361	355	1175	1
362	354	1175	1
363	353	1175	1
364	353	1175	1
365	352	1175	1
366	351	1175	1
367	351	1175	1
368	350	1175	1
369	350	1175	1
370	350	1175	1
371	349	1175	1
372	349	1175	1
373	349	1175	1
374	348	1175	1
375	348	1175	1
376	348	1175	1
377	348	1175	1
378	348	1175	1
379	347	1175	1
380	347	1175	1
381	347	1175	1
382	346	1175	1
383	344	1175	1
384	343	1175	1
385	343	1175	1
386	343	1175	1
387	343	1175	1
388	342	1175	1
389	342	1175	1
390	341	1175	1
391	341	1175	1
392	341	1175	1
393	339	1175	1
394	339	1175	1
395	338	1175	1
396	338	1175	1
397	337	1175	1
398	336	1175	1
399	336	1175	1
400	336	1175	1
401	336	1175	1
402	336	1175	1
403	335	1175	1
404	334	1175	1
405	334	1175	1
406	333	1175	1
407	333	1175	1
408	332	1175	1
409	331	1175	1
410	331	1175	1
411	331	1175	1
412	330	1175	1
413	330	1175	1
414	330	1175	1
415	330	1175	1
416	329	1175	1
417	329	1175	1
418	329	1175	1
419	329	1175	1
420	329	1175	1
421	329	1175	1
422	328	1175	1
423	328	1175	1
424	328	1175	1
425	327	1175	1
426	326	1175	1
427	326	1175	1
428	326	1175	1
429	324	1175	1
430	324	1175	1
431	324	1175	1
432	324	1175	1
433	324	1175	1
434	324	1175	1
435	322	1175	1
436	322	1175	1
437	322	1175	1
438	321	1175	1
439	320	1175	1
440	320	1175	1
441	320	1175	1
442	319	1175	1
443	318	1175	1
444	318	1175	1
445	316	1175	1
446	315	1175	1
447	315	1175	1
448	313	1175	1
449	312	1175	1
450	312	1175	1
451	312	1175	1
452	311	1175	1
453	311	1175	1
454	311	1175	1
455	311	1175	1
456	310	1175	1
457	308	1175	1
458	308	1175	1
459	308	1175	1
460	307	1175	1
461	307	1175	1
462	307	1175	1
463	306	1175	1
464	306	1175	1
465	306	1175	1
466	305	1175	1
467	304	1175	1
468	304	1175	1
469	304	1175	1
470	304	1175	1
471	302	1175	1
472	302	1175	1
473	302	1175	1
474	301	1175	1
475	301	1175	1
476	299	1175	1
477	299	1175	1
478	298	1175	1
479	298	1175	1
480	297	1175	1
481	297	1175	1
482	296	1175	1
483	296	1175	1
484	295	1175	1
485	294	1175	1
486	291	1175	1
487	291	1175	1
488	290	1175	1
489	289	1175	1
490	289	1175	1
491	288	1175	1
492	288	1175	1
493	288	1175	1
494	288	1175	1
495	287	1175	1
496	287	1175	1
497	286	1175	1
498	286	1175	1
499	286	1175	1
500	285	1175	1
501	285	1175	1
502	283	1175	1
503	282	1175	1
504	282	1175	1
505	281	1175	1
506	281	1175	1
507	281	1175	1
508	281	1175	1
509	280	1175	1
510	280	1175	1
511	280	1175	1
512	279	1175	1
513	279	1175	1
514	279	1175	1
515	278	1175	1
516	275	1175	1
517	275	1175	1
518	274	1175	1
519	273	1175	1
520	273	1175	1
521	272	1175	1
522	270	1175	1
523	268	1175	1
524	268	1175	1
525	268	1175	1
526	267	1175	1
527	266	1175	1
528	265	1175	1
529	265	1175	1
530	265	1175	1
531	265	1175	1
532	264	1175	1
533	263	1175	1
534	263	1175	1
535	263	1175	1
536	263	1175	1
537	262	1175	1
538	262	1175	1
539	262	1175	1
540	260	1175	1
541	260	1175	1
542	259	1175	1
543	258	1175	1
544	257	1175	1
545	256	1175	1
546	253	1175	1
547	252	1175	1
548	251	1175	1
549	250	1175	1
550	250	1175	1
551	249	1175	1
552	249	1175	1
553	248	1175	1
554	248	1175	1
555	248	1175	1
556	248	1175	1
557	247	1175	1
558	247	1175	1
559	247	1175	1
560	247	1175	1
561	246	1175	1
562	246	1175	1
563	245	1175	1
564	245	1175	1
565	245	1175	1
566	244	1175	1
567	244	1175	1
568	244	1175	1
569	244	1175	1
570	244	1175	1
571	243	1175	1
572	242	1175	1
573	242	1175	1
574	241	1175	1
575	241	1175	1
576	241	1175	1
577	240	1175	1
578	240	1175	1
579	240	1175	1
580	240	1175	1
581	240	1175	1
582	240	1175	1
583	240	1175	1
584	239	1175	1
585	239	1175	1
586	239	1175	1
587	239	1175	1
588	238	1175	1
589	238	1175	1
590	236	1175	1
591	236	1175	1
592	235	1175	1
593	234	1175	1
594	234	1175	1
595	233	1175	1
596	233	1175	1
597	233	1175	1
598	233	1175	1
599	233	1175	1
600	233	1175	1
601	232	1175	1
602	232	1175	1
603	232	1175	1
604	232	1175	1
605	231	1175	1
606	231	1175	1
607	231	1175	1
608	230	1175	1
609	230	1175	1
610	230	1175	1
611	230	1175	1
612	230	1175	1
613	230	1175	1
614	229	1175	1
615	229	1175	1
616	228	1175	1
617	227	1175	1
618	227	1175	1
619	225	1175	1
620	224	1175	1
621	223	1175	1
622	223	1175	1
623	223	1175	1
624	222	1175	1
625	222	1175	1
626	221	1175	1
627	221	1175	1
628	220	1175	1
629	220	1175	1
630	218	1175	1
631	218	1175	1
632	217	1175	1
633	215	1175	1
634	215	1175	1
635	215	1175	1
636	213	1175	1
637	213	1175	1
638	212	1175	1
639	211	1175	1
640	211	1175	1
641	211	1175	1
642	210	1175	1
643	209	1175	1
644	209	1175	1
645	209	1175	1
646	208	1175	1
647	208	1175	1
648	207	1175	1
649	207	1175	1
650	206	1175	1
651	206	1175	1
652	205	1175	1
653	205	1175	1
654	204	1175	1
655	204	1175	1
656	203	1175	1
657	202	1175	1
658	202	1175	1
659	202	1175	1
660	202	1175	1
661	201	1175	1
662	200	1175	1
663	200	1175	1
664	200	1175	1
665	199	1175	1
666	199	1175	1
667	198	1175	1
668	197	1175	1
669	196	1175	1
670	195	1175	1
671	193	1175	1
672	192	1175	1
673	191	1175	1
674	191	1175	1
675	191	1175	1
676	191	1175	1
677	190	1175	1
678	190	1175	1
679	190	1175	1
680	190	1175	1
681	189	1175	1
682	189	1175	1
683	189	1175	1
684	189	1175	1
685	188	1175	1
686	188	1175	1
687	185	1175	1
688	184	1175	1
689	184	1175	1
690	183	1175	1
691	183	1175	1
692	183	1175	1
693	183	1175	1
694	182	1175	1
695	180	1175	1
696	179	1175	1
697	178	1175	1
698	177	1175	1
699	177	1175	1
700	174	1175	1
701	173	1175	1
702	172	1175	1
703	172	1175	1
704	172	1175	1
705	171	1175	1
706	170	1175	1
707	169	1175	1
708	168	1175	1
709	168	1175	1
710	167	1175	1
711	167	1175	1
712	166	1175	1
713	166	1175	1
714	166	1175	1
715	165	1175	1
716	165	1175	1
717	164	1175	1
718	162	1175	1
719	161	1175	1
720	160	1175	1
721	160	1175	1
722	157	1175	1
723	156	1175	1
724	156	1175	1
725	154	1175	1
726	154	1175	1
727	153	1175	1
728	152	1175	1
729	152	1175	1
730	151	1175	1
731	150	1175	1
732	150	1175	1
733	148	1175	1
734	148	1175	1
735	148	1175	1
736	147	1175	1
737	147	1175	1
738	147	1175	1
739	147	1175	1
740	146	1175	1
741	146	1175	1
742	145	1175	1
743	141	1175	1
744	141	1175	1
745	140	1175	1
746	140	1175	1
747	138	1175	1
748	136	1175	1
749	136	1175	1
750	136	1175	1
751	135	1175	1
752	134	1175	1
753	133	1175	1
754	133	1175	1
755	133	1175	1
756	132	1175	1
757	132	1175	1
758	131	1175	1
759	131	1175	1
760	131	1175	1
761	131	1175	1
762	131	1175	1
763	129	1175	1
764	127	1175	1
765	127	1175	1
766	127	1175	1
767	126	1175	1
768	126	1175	1
769	126	1175	1
770	125	1175	1
771	125	1175	1
772	123	1175	1
773	121	1175	1
774	121	1175	1
775	121	1175	1
776	120	1175	1
777	119	1175	1
778	119	1175	1
779	119	1175	1
780	118	1175	1
781	118	1175	1
782	117	1175	1
783	117	1175	1
784	117	1175	1
785	115	1175	1
786	115	1175	1
787	115	1175	1
788	115	1175	1
789	113	1175	1
790	112	1175	1
791	111	1175	1
792	110	1175	1
793	109	1175	1
794	109	1175	1
795	109	1175	1
796	107	1175	1
797	107	1175	1
798	106	1175	1
799	105	1175	1
800	104	1175	1
801	103	1175	1
802	102	1175	1
803	102	1175	1
804	102	1175	1
805	100	1175	1
806	100	1175	1
807	99	1175	1
808	99	1175	1
809	99	1175	1
810	98	1175	1
811	98	1175	1
812	96	1175	1
813	96	1175	1
814	94	1175	1
815	94	1175	1
816	93	1175	1
817	92	1175	1
818	92	1175	1
819	91	1175	1
820	91	1175	1
821	91	1175	1
822	90	1175	1
823	90	1175	1
824	90	1175	1
825	89	1175	1
826	88	1175	1
827	88	1175	1
828	87	1175	1
829	86	1175	1
830	86	1175	1
831	85	1175	1
832	85	1175	1
833	83	1175	1
834	81	1175	1
835	80	1175	1
836	78	1175	1
837	77	1175	1
838	76	1175	1
839	76	1175	1
840	76	1175	1
841	74	1175	1
842	74	1175	1
843	74	1175	1
844	74	1175	1
845	69	1175	1
846	69	1175	1
847	69	1175	1
848	68	1175	1
849	67	1175	1
850	66	1175	1
851	64	1175	1
852	64	1175	1
853	63	1175	1
854	63	1175	1
855	63	1175	1
856	62	1175	1
857	61	1175	1
858	61	1175	1
859	61	1175	1
860	60	1175	1
861	59	1175	1
862	59	1175	1
863	59	1175	1
864	59	1175	1
865	59	1175	1
866	59	1175	1
867	58	1175	1
868	55	1175	1
869	55	1175	1
870	55	1175	1
871	54	1175	1
872	53	1175	1
873	53	1175	1
874	52	1175	1
875	51	1175	1
876	50	1175	1
877	50	1175	1
878	50	1175	1
879	50	1175	1
880	49	1175	1
881	49	1175	1
882	49	1175	1
883	48	1175	1
884	47	1175	1
885	47	1175	1
886	46	1175	1
887	46	1175	1
888	45	1175	1
889	45	1175	1
890	45	1175	1
891	45	1175	1
892	45	1175	1
893	44	1175	1
894	43	1175	1
895	41	1175	1
896	41	1175	1
897	40	1175	1
898	39	1175	1
899	39	1175	1
900	39	1175	1
901	37	1175	1
902	35	1175	1
903	35	1175	1
904	35	1175	1
905	35	1175	1
906	34	1175	1
907	34	1175	1
908	34	1175	1
909	34	1175	1
910	33	1175	1
911	32	1175	1
912	31	1175	1
913	31	1175	1
914	31	1175	1
915	31	1175	1
916	30	1175	1
917	30	1175	1
918	30	1175	1
919	30	1175	1
920	30	1175	1
921	29	1175	1
922	29	1175	1
923	27	1175	1
924	25	1175	1
925	25	1175	1
926	25	1175	1
927	25	1175	1
928	25	1175	1
929	25	1175	1
930	23	1175	1
931	23	1175	1
932	23	1175	1
933	23	1175	1
934	22	1175	1
935	21	1175	1
936	21	1175	1
937	20	1175	1
938	19	1175	1
939	18	1175	1
940	18	1175	1
941	18	1175	1
942	18	1175	1
943	16	1175	1
944	16	1175	1
945	16	1175	1
946	16	1175	1
947	16	1175	1
948	15	1175	1
949	15	1175	1
950	15	1175	1
951	14	1175	1
952	13	1175	1
953	13	1175	1
954	13	1175	1
955	13	1175	1
956	12	1175	1
957	12	1175	1
958	12	1175	1
959	12	1175	1
960	11	1175	1
961	11	1175	1
962	11	1175	1
963	11	1175	1
964	11	1175	1
965	10	1175	1
966	10	1175	1
967	9	1175	1
968	9	1175	1
969	9	1175	1
970	9	1175	1
971	9	1175	1
972	9	1175	1
973	9	1175	1
974	9	1175	1
975	8	1175	1
976	8	1175	1
977	8	1175	1
978	8	1175	1
979	7	1175	1
980	7	1175	1
981	7	1175	1
982	7	1175	1
983	7	1175	1
984	7	1175	1
985	7	1175	1
986	7	1175	1
987	7	1175	1
988	7	1175	1
989	7	1175	1
990	6	1175	1
991	6	1175	1
992	5	1175	1
993	5	1175	1
994	5	1175	1
995	5	1175	1
996	3	1175	1
997	3	1175	1
998	2	1175	1
999	2	1175	1
1000	2	1175	1
1001	2	1175	1
1002	1	1175	1
1003	0	1175	1
1004	0	1175	1
1005	0	1175	1
1006	0	1175	1
1007	0	1175	1
1008	0	1175	1
1009	0	1175	1
1010	0	1175	1
1011	0	1175	1
1012	0	1175	1
1013	0	1175	1
1014	0	1175	1
1015	0	1175	1
1016	0	1175	1
1017	0	1175	1
1018	0	1175	1
1019	0	1175	1
1020	0	1175	1
1021	0	1175	1
1022	0	1175	1
1023	0	1175	1
1024	0	1175	1
1025	0	1175	1
1026	0	1175	1
1027	0	1175	1
1028	0	1175	1
1029	0	1175	1
1030	0	1175	1
1031	0	1175	1
1032	0	1175	1
1033	0	1175	1
1034	0	1175	1
1035	0	1175	1
1036	0	1175	1
1037	0	1175	1
1038	0	1175	1
