order	fre	frePool	ratio
1	5151	5151	0.791609036422314
2	4973	5531	0.85000768403258
3	4253	5687	0.873981865683111
4	4119	5725	0.879821730444137
5	4068	5916	0.909174734900876
6	4062	5918	0.909482096204088
7	4037	5950	0.914399877055479
8	4033	5996	0.921469187029353
9	4024	6006	0.923005993545413
10	3795	6008	0.923313354848625
11	3664	6013	0.924081758106654
12	3630	6025	0.925925925925926
13	3618	6027	0.926233287229138
14	3517	6035	0.927462732441986
15	3516	6037	0.927770093745197
16	3514	6170	0.948209620408791
17	3467	6170	0.948209620408791
18	3442	6177	0.949285384970032
19	3408	6212	0.954664207776241
20	3400	6217	0.955432611034271
21	3382	6217	0.955432611034271
22	3372	6235	0.958198862763178
23	3301	6236	0.958352543414784
24	3269	6239	0.958813585369602
25	3264	6247	0.96004303058245
26	3245	6255	0.961272475795297
27	3215	6257	0.961579837098509
28	3170	6258	0.961733517750115
29	3152	6260	0.962040879053327
30	3142	6260	0.962040879053327
31	3116	6272	0.963885046872599
32	3113	6284	0.96572921469187
33	3077	6291	0.966804979253112
34	2997	6292	0.966958659904718
35	2987	6296	0.967573382511142
36	2987	6297	0.967727063162748
37	2956	6323	0.971722760104503
38	2893	6325	0.972030121407715
39	2885	6349	0.975718457046258
40	2879	6350	0.975872137697864
41	2872	6350	0.975872137697864
42	2867	6350	0.975872137697864
43	2866	6350	0.975872137697864
44	2858	6350	0.975872137697864
45	2841	6350	0.975872137697864
46	2835	6376	0.979867834639619
47	2825	6376	0.979867834639619
48	2821	6377	0.980021515291225
49	2814	6473	0.994774857845397
50	2799	6473	0.994774857845397
51	2757	6473	0.994774857845397
52	2669	6474	0.994928538497003
53	2606	6474	0.994928538497003
54	2604	6474	0.994928538497003
55	2572	6476	0.995235899800215
56	2553	6476	0.995235899800215
57	2550	6476	0.995235899800215
58	2548	6477	0.995389580451821
59	2540	6478	0.995543261103427
60	2494	6481	0.996004303058245
61	2469	6481	0.996004303058245
62	2469	6481	0.996004303058245
63	2462	6481	0.996004303058245
64	2461	6484	0.996465345013063
65	2457	6484	0.996465345013063
66	2437	6484	0.996465345013063
67	2435	6484	0.996465345013063
68	2425	6484	0.996465345013063
69	2417	6484	0.996465345013063
70	2417	6485	0.996619025664669
71	2409	6485	0.996619025664669
72	2389	6485	0.996619025664669
73	2329	6485	0.996619025664669
74	2292	6485	0.996619025664669
75	2272	6485	0.996619025664669
76	2248	6485	0.996619025664669
77	2242	6486	0.996772706316275
78	2227	6486	0.996772706316275
79	2139	6486	0.996772706316275
80	2135	6486	0.996772706316275
81	2124	6486	0.996772706316275
82	2114	6486	0.996772706316275
83	2107	6486	0.996772706316275
84	2063	6486	0.996772706316275
85	2053	6486	0.996772706316275
86	2044	6487	0.996926386967881
87	2034	6487	0.996926386967881
88	2029	6487	0.996926386967881
89	2021	6487	0.996926386967881
90	2012	6487	0.996926386967881
91	2008	6487	0.996926386967881
92	2001	6487	0.996926386967881
93	1981	6490	0.997387428922699
94	1978	6490	0.997387428922699
95	1967	6490	0.997387428922699
96	1964	6491	0.997541109574305
97	1959	6491	0.997541109574305
98	1957	6491	0.997541109574305
99	1955	6494	0.998002151529123
100	1946	6494	0.998002151529123
101	1946	6494	0.998002151529123
102	1909	6494	0.998002151529123
103	1907	6494	0.998002151529123
104	1891	6494	0.998002151529123
105	1876	6495	0.998155832180728
106	1871	6495	0.998155832180728
107	1859	6495	0.998155832180728
108	1851	6495	0.998155832180728
109	1844	6495	0.998155832180728
110	1838	6495	0.998155832180728
111	1828	6495	0.998155832180728
112	1827	6495	0.998155832180728
113	1825	6495	0.998155832180728
114	1823	6495	0.998155832180728
115	1818	6495	0.998155832180728
116	1813	6495	0.998155832180728
117	1796	6495	0.998155832180728
118	1786	6495	0.998155832180728
119	1783	6495	0.998155832180728
120	1781	6495	0.998155832180728
121	1774	6495	0.998155832180728
122	1765	6495	0.998155832180728
123	1765	6495	0.998155832180728
124	1738	6495	0.998155832180728
125	1728	6495	0.998155832180728
126	1721	6496	0.998309512832334
127	1707	6496	0.998309512832334
128	1687	6496	0.998309512832334
129	1686	6496	0.998309512832334
130	1664	6496	0.998309512832334
131	1663	6496	0.998309512832334
132	1657	6496	0.998309512832334
133	1653	6496	0.998309512832334
134	1651	6496	0.998309512832334
135	1635	6496	0.998309512832334
136	1628	6496	0.998309512832334
137	1626	6496	0.998309512832334
138	1625	6496	0.998309512832334
139	1622	6496	0.998309512832334
140	1620	6496	0.998309512832334
141	1616	6496	0.998309512832334
142	1605	6496	0.998309512832334
143	1602	6498	0.998616874135546
144	1599	6498	0.998616874135546
145	1597	6498	0.998616874135546
146	1590	6500	0.998924235438758
147	1584	6500	0.998924235438758
148	1584	6500	0.998924235438758
149	1575	6500	0.998924235438758
150	1567	6500	0.998924235438758
151	1567	6500	0.998924235438758
152	1560	6500	0.998924235438758
153	1558	6500	0.998924235438758
154	1557	6500	0.998924235438758
155	1544	6500	0.998924235438758
156	1536	6500	0.998924235438758
157	1535	6500	0.998924235438758
158	1532	6500	0.998924235438758
159	1524	6500	0.998924235438758
160	1521	6500	0.998924235438758
161	1512	6500	0.998924235438758
162	1511	6500	0.998924235438758
163	1502	6501	0.999077916090364
164	1497	6501	0.999077916090364
165	1496	6501	0.999077916090364
166	1496	6502	0.99923159674197
167	1493	6502	0.99923159674197
168	1491	6502	0.99923159674197
169	1491	6502	0.99923159674197
170	1490	6502	0.99923159674197
171	1488	6502	0.99923159674197
172	1481	6502	0.99923159674197
173	1481	6502	0.99923159674197
174	1478	6502	0.99923159674197
175	1478	6502	0.99923159674197
176	1474	6502	0.99923159674197
177	1464	6502	0.99923159674197
178	1459	6502	0.99923159674197
179	1459	6502	0.99923159674197
180	1457	6502	0.99923159674197
181	1457	6502	0.99923159674197
182	1456	6502	0.99923159674197
183	1454	6502	0.99923159674197
184	1451	6502	0.99923159674197
185	1451	6502	0.99923159674197
186	1450	6502	0.99923159674197
187	1445	6502	0.99923159674197
188	1441	6502	0.99923159674197
189	1440	6502	0.99923159674197
190	1436	6502	0.99923159674197
191	1433	6502	0.99923159674197
192	1427	6502	0.99923159674197
193	1426	6502	0.99923159674197
194	1423	6502	0.99923159674197
195	1423	6502	0.99923159674197
196	1418	6502	0.99923159674197
197	1418	6502	0.99923159674197
198	1414	6502	0.99923159674197
199	1413	6502	0.99923159674197
200	1411	6502	0.99923159674197
201	1407	6502	0.99923159674197
202	1396	6502	0.99923159674197
203	1395	6502	0.99923159674197
204	1395	6502	0.99923159674197
205	1394	6502	0.99923159674197
206	1393	6502	0.99923159674197
207	1392	6502	0.99923159674197
208	1390	6502	0.99923159674197
209	1390	6502	0.99923159674197
210	1388	6502	0.99923159674197
211	1382	6502	0.99923159674197
212	1382	6502	0.99923159674197
213	1381	6502	0.99923159674197
214	1381	6502	0.99923159674197
215	1376	6502	0.99923159674197
216	1374	6502	0.99923159674197
217	1370	6502	0.99923159674197
218	1369	6502	0.99923159674197
219	1367	6502	0.99923159674197
220	1367	6502	0.99923159674197
221	1367	6502	0.99923159674197
222	1366	6502	0.99923159674197
223	1362	6502	0.99923159674197
224	1361	6502	0.99923159674197
225	1360	6502	0.99923159674197
226	1357	6502	0.99923159674197
227	1357	6502	0.99923159674197
228	1356	6502	0.99923159674197
229	1355	6502	0.99923159674197
230	1354	6502	0.99923159674197
231	1354	6502	0.99923159674197
232	1349	6502	0.99923159674197
233	1348	6502	0.99923159674197
234	1347	6503	0.999385277393576
235	1341	6503	0.999385277393576
236	1341	6503	0.999385277393576
237	1341	6503	0.999385277393576
238	1337	6503	0.999385277393576
239	1336	6503	0.999385277393576
240	1335	6503	0.999385277393576
241	1331	6503	0.999385277393576
242	1330	6503	0.999385277393576
243	1328	6503	0.999385277393576
244	1328	6503	0.999385277393576
245	1323	6503	0.999385277393576
246	1320	6503	0.999385277393576
247	1320	6503	0.999385277393576
248	1320	6503	0.999385277393576
249	1318	6503	0.999385277393576
250	1317	6503	0.999385277393576
251	1316	6503	0.999385277393576
252	1314	6503	0.999385277393576
253	1314	6503	0.999385277393576
254	1310	6503	0.999385277393576
255	1308	6503	0.999385277393576
256	1299	6503	0.999385277393576
257	1288	6503	0.999385277393576
258	1285	6503	0.999385277393576
259	1284	6503	0.999385277393576
260	1281	6503	0.999385277393576
261	1280	6503	0.999385277393576
262	1275	6503	0.999385277393576
263	1275	6503	0.999385277393576
264	1270	6503	0.999385277393576
265	1269	6503	0.999385277393576
266	1264	6503	0.999385277393576
267	1262	6503	0.999385277393576
268	1262	6503	0.999385277393576
269	1256	6503	0.999385277393576
270	1251	6503	0.999385277393576
271	1251	6503	0.999385277393576
272	1248	6503	0.999385277393576
273	1234	6503	0.999385277393576
274	1229	6503	0.999385277393576
275	1227	6503	0.999385277393576
276	1219	6503	0.999385277393576
277	1218	6503	0.999385277393576
278	1218	6503	0.999385277393576
279	1215	6503	0.999385277393576
280	1215	6503	0.999385277393576
281	1213	6503	0.999385277393576
282	1212	6503	0.999385277393576
283	1204	6503	0.999385277393576
284	1203	6503	0.999385277393576
285	1198	6503	0.999385277393576
286	1197	6503	0.999385277393576
287	1195	6503	0.999385277393576
288	1193	6503	0.999385277393576
289	1188	6503	0.999385277393576
290	1182	6503	0.999385277393576
291	1166	6503	0.999385277393576
292	1165	6503	0.999385277393576
293	1157	6503	0.999385277393576
294	1155	6503	0.999385277393576
295	1155	6503	0.999385277393576
296	1151	6503	0.999385277393576
297	1148	6503	0.999385277393576
298	1140	6503	0.999385277393576
299	1135	6503	0.999385277393576
300	1127	6503	0.999385277393576
301	1121	6503	0.999385277393576
302	1120	6503	0.999385277393576
303	1119	6503	0.999385277393576
304	1109	6503	0.999385277393576
305	1108	6503	0.999385277393576
306	1105	6503	0.999385277393576
307	1104	6503	0.999385277393576
308	1104	6503	0.999385277393576
309	1103	6503	0.999385277393576
310	1102	6503	0.999385277393576
311	1097	6503	0.999385277393576
312	1096	6503	0.999385277393576
313	1090	6503	0.999385277393576
314	1082	6503	0.999385277393576
315	1080	6503	0.999385277393576
316	1079	6503	0.999385277393576
317	1063	6503	0.999385277393576
318	1052	6503	0.999385277393576
319	1045	6503	0.999385277393576
320	1044	6503	0.999385277393576
321	1038	6503	0.999385277393576
322	1035	6503	0.999385277393576
323	1033	6503	0.999385277393576
324	1033	6503	0.999385277393576
325	1033	6503	0.999385277393576
326	1018	6503	0.999385277393576
327	1015	6503	0.999385277393576
328	1014	6503	0.999385277393576
329	1014	6503	0.999385277393576
330	1010	6503	0.999385277393576
331	1009	6503	0.999385277393576
332	1002	6503	0.999385277393576
333	999	6503	0.999385277393576
334	997	6503	0.999385277393576
335	996	6503	0.999385277393576
336	994	6503	0.999385277393576
337	992	6503	0.999385277393576
338	986	6503	0.999385277393576
339	981	6503	0.999385277393576
340	978	6503	0.999385277393576
341	975	6503	0.999385277393576
342	974	6503	0.999385277393576
343	974	6503	0.999385277393576
344	967	6503	0.999385277393576
345	966	6503	0.999385277393576
346	963	6503	0.999385277393576
347	951	6503	0.999385277393576
348	949	6503	0.999385277393576
349	946	6503	0.999385277393576
350	942	6503	0.999385277393576
351	941	6503	0.999385277393576
352	940	6503	0.999385277393576
353	939	6503	0.999385277393576
354	937	6503	0.999385277393576
355	928	6503	0.999385277393576
356	927	6503	0.999385277393576
357	924	6503	0.999385277393576
358	924	6503	0.999385277393576
359	923	6503	0.999385277393576
360	923	6503	0.999385277393576
361	922	6503	0.999385277393576
362	916	6503	0.999385277393576
363	912	6503	0.999385277393576
364	907	6503	0.999385277393576
365	904	6503	0.999385277393576
366	903	6503	0.999385277393576
367	897	6503	0.999385277393576
368	892	6503	0.999385277393576
369	889	6503	0.999385277393576
370	887	6503	0.999385277393576
371	877	6503	0.999385277393576
372	874	6503	0.999385277393576
373	865	6503	0.999385277393576
374	865	6503	0.999385277393576
375	865	6503	0.999385277393576
376	863	6503	0.999385277393576
377	862	6503	0.999385277393576
378	859	6503	0.999385277393576
379	854	6503	0.999385277393576
380	851	6503	0.999385277393576
381	850	6503	0.999385277393576
382	850	6503	0.999385277393576
383	845	6503	0.999385277393576
384	842	6503	0.999385277393576
385	840	6503	0.999385277393576
386	839	6503	0.999385277393576
387	837	6503	0.999385277393576
388	837	6503	0.999385277393576
389	837	6503	0.999385277393576
390	837	6503	0.999385277393576
391	835	6503	0.999385277393576
392	835	6503	0.999385277393576
393	835	6503	0.999385277393576
394	833	6503	0.999385277393576
395	831	6503	0.999385277393576
396	831	6503	0.999385277393576
397	828	6503	0.999385277393576
398	826	6503	0.999385277393576
399	823	6503	0.999385277393576
400	821	6503	0.999385277393576
401	820	6503	0.999385277393576
402	818	6503	0.999385277393576
403	815	6503	0.999385277393576
404	812	6503	0.999385277393576
405	812	6503	0.999385277393576
406	806	6503	0.999385277393576
407	805	6503	0.999385277393576
408	802	6503	0.999385277393576
409	801	6503	0.999385277393576
410	800	6503	0.999385277393576
411	798	6503	0.999385277393576
412	797	6503	0.999385277393576
413	791	6503	0.999385277393576
414	789	6503	0.999385277393576
415	788	6503	0.999385277393576
416	785	6503	0.999385277393576
417	777	6503	0.999385277393576
418	773	6503	0.999385277393576
419	768	6503	0.999385277393576
420	767	6503	0.999385277393576
421	765	6503	0.999385277393576
422	763	6503	0.999385277393576
423	761	6503	0.999385277393576
424	759	6503	0.999385277393576
425	754	6503	0.999385277393576
426	750	6503	0.999385277393576
427	748	6503	0.999385277393576
428	747	6503	0.999385277393576
429	747	6503	0.999385277393576
430	744	6503	0.999385277393576
431	741	6503	0.999385277393576
432	740	6503	0.999385277393576
433	737	6503	0.999385277393576
434	736	6503	0.999385277393576
435	733	6503	0.999385277393576
436	732	6503	0.999385277393576
437	728	6503	0.999385277393576
438	726	6503	0.999385277393576
439	726	6503	0.999385277393576
440	723	6503	0.999385277393576
441	721	6503	0.999385277393576
442	721	6503	0.999385277393576
443	720	6503	0.999385277393576
444	717	6503	0.999385277393576
445	717	6503	0.999385277393576
446	716	6503	0.999385277393576
447	714	6503	0.999385277393576
448	714	6503	0.999385277393576
449	713	6503	0.999385277393576
450	713	6503	0.999385277393576
451	712	6503	0.999385277393576
452	712	6505	0.999692638696788
453	711	6505	0.999692638696788
454	709	6505	0.999692638696788
455	708	6505	0.999692638696788
456	708	6505	0.999692638696788
457	704	6505	0.999692638696788
458	702	6505	0.999692638696788
459	700	6505	0.999692638696788
460	698	6505	0.999692638696788
461	698	6505	0.999692638696788
462	698	6505	0.999692638696788
463	695	6505	0.999692638696788
464	689	6505	0.999692638696788
465	688	6505	0.999692638696788
466	687	6505	0.999692638696788
467	684	6505	0.999692638696788
468	683	6505	0.999692638696788
469	683	6505	0.999692638696788
470	681	6505	0.999692638696788
471	678	6505	0.999692638696788
472	677	6505	0.999692638696788
473	671	6505	0.999692638696788
474	670	6505	0.999692638696788
475	670	6505	0.999692638696788
476	668	6505	0.999692638696788
477	666	6505	0.999692638696788
478	665	6505	0.999692638696788
479	663	6505	0.999692638696788
480	663	6505	0.999692638696788
481	656	6505	0.999692638696788
482	655	6505	0.999692638696788
483	654	6505	0.999692638696788
484	650	6505	0.999692638696788
485	649	6505	0.999692638696788
486	648	6505	0.999692638696788
487	645	6505	0.999692638696788
488	644	6505	0.999692638696788
489	643	6505	0.999692638696788
490	643	6505	0.999692638696788
491	641	6505	0.999692638696788
492	640	6506	0.999846319348394
493	638	6506	0.999846319348394
494	635	6506	0.999846319348394
495	631	6506	0.999846319348394
496	627	6506	0.999846319348394
497	623	6506	0.999846319348394
498	622	6506	0.999846319348394
499	621	6506	0.999846319348394
500	617	6506	0.999846319348394
501	617	6506	0.999846319348394
502	616	6506	0.999846319348394
503	615	6506	0.999846319348394
504	614	6506	0.999846319348394
505	613	6506	0.999846319348394
506	611	6506	0.999846319348394
507	610	6506	0.999846319348394
508	607	6506	0.999846319348394
509	607	6506	0.999846319348394
510	606	6506	0.999846319348394
511	603	6506	0.999846319348394
512	601	6506	0.999846319348394
513	601	6506	0.999846319348394
514	600	6506	0.999846319348394
515	589	6506	0.999846319348394
516	589	6506	0.999846319348394
517	587	6506	0.999846319348394
518	586	6506	0.999846319348394
519	583	6506	0.999846319348394
520	583	6506	0.999846319348394
521	582	6506	0.999846319348394
522	582	6506	0.999846319348394
523	582	6506	0.999846319348394
524	582	6506	0.999846319348394
525	580	6506	0.999846319348394
526	578	6506	0.999846319348394
527	577	6506	0.999846319348394
528	573	6506	0.999846319348394
529	570	6506	0.999846319348394
530	568	6506	0.999846319348394
531	566	6506	0.999846319348394
532	566	6506	0.999846319348394
533	565	6506	0.999846319348394
534	563	6506	0.999846319348394
535	562	6506	0.999846319348394
536	559	6506	0.999846319348394
537	559	6506	0.999846319348394
538	558	6506	0.999846319348394
539	556	6506	0.999846319348394
540	554	6506	0.999846319348394
541	554	6506	0.999846319348394
542	551	6506	0.999846319348394
543	549	6506	0.999846319348394
544	546	6506	0.999846319348394
545	538	6506	0.999846319348394
546	537	6506	0.999846319348394
547	534	6506	0.999846319348394
548	533	6506	0.999846319348394
549	533	6506	0.999846319348394
550	533	6506	0.999846319348394
551	528	6506	0.999846319348394
552	525	6506	0.999846319348394
553	524	6506	0.999846319348394
554	523	6506	0.999846319348394
555	522	6506	0.999846319348394
556	522	6506	0.999846319348394
557	520	6506	0.999846319348394
558	516	6506	0.999846319348394
559	514	6506	0.999846319348394
560	507	6506	0.999846319348394
561	501	6506	0.999846319348394
562	500	6506	0.999846319348394
563	498	6506	0.999846319348394
564	498	6506	0.999846319348394
565	496	6506	0.999846319348394
566	494	6506	0.999846319348394
567	494	6506	0.999846319348394
568	491	6506	0.999846319348394
569	491	6506	0.999846319348394
570	481	6506	0.999846319348394
571	480	6506	0.999846319348394
572	480	6506	0.999846319348394
573	479	6506	0.999846319348394
574	479	6506	0.999846319348394
575	475	6506	0.999846319348394
576	473	6506	0.999846319348394
577	472	6506	0.999846319348394
578	472	6506	0.999846319348394
579	472	6506	0.999846319348394
580	470	6506	0.999846319348394
581	470	6506	0.999846319348394
582	470	6506	0.999846319348394
583	468	6506	0.999846319348394
584	466	6506	0.999846319348394
585	465	6506	0.999846319348394
586	465	6506	0.999846319348394
587	464	6506	0.999846319348394
588	460	6506	0.999846319348394
589	451	6506	0.999846319348394
590	448	6506	0.999846319348394
591	447	6506	0.999846319348394
592	447	6506	0.999846319348394
593	444	6506	0.999846319348394
594	442	6506	0.999846319348394
595	441	6506	0.999846319348394
596	438	6506	0.999846319348394
597	436	6506	0.999846319348394
598	431	6506	0.999846319348394
599	426	6506	0.999846319348394
600	425	6506	0.999846319348394
601	425	6506	0.999846319348394
602	425	6506	0.999846319348394
603	413	6506	0.999846319348394
604	411	6506	0.999846319348394
605	411	6506	0.999846319348394
606	409	6506	0.999846319348394
607	402	6506	0.999846319348394
608	401	6506	0.999846319348394
609	400	6506	0.999846319348394
610	397	6506	0.999846319348394
611	390	6506	0.999846319348394
612	390	6506	0.999846319348394
613	388	6506	0.999846319348394
614	387	6506	0.999846319348394
615	384	6506	0.999846319348394
616	382	6506	0.999846319348394
617	377	6506	0.999846319348394
618	372	6506	0.999846319348394
619	372	6506	0.999846319348394
620	371	6506	0.999846319348394
621	362	6506	0.999846319348394
622	361	6506	0.999846319348394
623	360	6506	0.999846319348394
624	359	6506	0.999846319348394
625	356	6506	0.999846319348394
626	349	6506	0.999846319348394
627	347	6506	0.999846319348394
628	347	6506	0.999846319348394
629	341	6506	0.999846319348394
630	339	6506	0.999846319348394
631	335	6506	0.999846319348394
632	329	6506	0.999846319348394
633	326	6506	0.999846319348394
634	325	6506	0.999846319348394
635	324	6506	0.999846319348394
636	324	6506	0.999846319348394
637	322	6506	0.999846319348394
638	321	6506	0.999846319348394
639	321	6506	0.999846319348394
640	319	6506	0.999846319348394
641	317	6506	0.999846319348394
642	312	6506	0.999846319348394
643	308	6506	0.999846319348394
644	308	6506	0.999846319348394
645	308	6506	0.999846319348394
646	308	6506	0.999846319348394
647	305	6506	0.999846319348394
648	304	6506	0.999846319348394
649	303	6506	0.999846319348394
650	299	6506	0.999846319348394
651	298	6506	0.999846319348394
652	292	6506	0.999846319348394
653	291	6506	0.999846319348394
654	287	6506	0.999846319348394
655	284	6506	0.999846319348394
656	282	6506	0.999846319348394
657	275	6506	0.999846319348394
658	275	6506	0.999846319348394
659	275	6506	0.999846319348394
660	274	6506	0.999846319348394
661	265	6506	0.999846319348394
662	265	6506	0.999846319348394
663	265	6506	0.999846319348394
664	265	6506	0.999846319348394
665	264	6506	0.999846319348394
666	260	6506	0.999846319348394
667	254	6506	0.999846319348394
668	253	6506	0.999846319348394
669	250	6506	0.999846319348394
670	249	6506	0.999846319348394
671	248	6506	0.999846319348394
672	245	6506	0.999846319348394
673	243	6506	0.999846319348394
674	243	6506	0.999846319348394
675	243	6506	0.999846319348394
676	242	6506	0.999846319348394
677	240	6506	0.999846319348394
678	240	6506	0.999846319348394
679	239	6506	0.999846319348394
680	239	6506	0.999846319348394
681	236	6506	0.999846319348394
682	235	6506	0.999846319348394
683	234	6506	0.999846319348394
684	232	6506	0.999846319348394
685	228	6506	0.999846319348394
686	226	6506	0.999846319348394
687	226	6506	0.999846319348394
688	225	6506	0.999846319348394
689	223	6506	0.999846319348394
690	219	6506	0.999846319348394
691	219	6506	0.999846319348394
692	219	6506	0.999846319348394
693	218	6506	0.999846319348394
694	218	6506	0.999846319348394
695	217	6506	0.999846319348394
696	216	6506	0.999846319348394
697	214	6506	0.999846319348394
698	209	6506	0.999846319348394
699	209	6506	0.999846319348394
700	205	6506	0.999846319348394
701	204	6506	0.999846319348394
702	204	6506	0.999846319348394
703	204	6506	0.999846319348394
704	203	6506	0.999846319348394
705	203	6506	0.999846319348394
706	202	6506	0.999846319348394
707	201	6506	0.999846319348394
708	200	6506	0.999846319348394
709	198	6506	0.999846319348394
710	197	6506	0.999846319348394
711	194	6506	0.999846319348394
712	184	6506	0.999846319348394
713	183	6506	0.999846319348394
714	183	6506	0.999846319348394
715	181	6506	0.999846319348394
716	181	6506	0.999846319348394
717	180	6506	0.999846319348394
718	178	6506	0.999846319348394
719	172	6506	0.999846319348394
720	171	6506	0.999846319348394
721	171	6506	0.999846319348394
722	169	6506	0.999846319348394
723	166	6506	0.999846319348394
724	165	6506	0.999846319348394
725	164	6506	0.999846319348394
726	160	6506	0.999846319348394
727	157	6506	0.999846319348394
728	154	6506	0.999846319348394
729	153	6506	0.999846319348394
730	153	6506	0.999846319348394
731	152	6506	0.999846319348394
732	151	6506	0.999846319348394
733	149	6506	0.999846319348394
734	147	6506	0.999846319348394
735	146	6506	0.999846319348394
736	142	6506	0.999846319348394
737	142	6506	0.999846319348394
738	140	6506	0.999846319348394
739	138	6506	0.999846319348394
740	137	6506	0.999846319348394
741	134	6506	0.999846319348394
742	133	6506	0.999846319348394
743	132	6506	0.999846319348394
744	132	6506	0.999846319348394
745	131	6506	0.999846319348394
746	131	6506	0.999846319348394
747	130	6506	0.999846319348394
748	130	6506	0.999846319348394
749	128	6506	0.999846319348394
750	127	6506	0.999846319348394
751	123	6506	0.999846319348394
752	121	6506	0.999846319348394
753	119	6506	0.999846319348394
754	118	6506	0.999846319348394
755	118	6506	0.999846319348394
756	115	6506	0.999846319348394
757	114	6506	0.999846319348394
758	111	6506	0.999846319348394
759	110	6506	0.999846319348394
760	104	6506	0.999846319348394
761	103	6506	0.999846319348394
762	103	6506	0.999846319348394
763	99	6506	0.999846319348394
764	97	6506	0.999846319348394
765	97	6506	0.999846319348394
766	96	6506	0.999846319348394
767	96	6506	0.999846319348394
768	95	6506	0.999846319348394
769	95	6506	0.999846319348394
770	94	6506	0.999846319348394
771	93	6506	0.999846319348394
772	93	6506	0.999846319348394
773	91	6506	0.999846319348394
774	91	6506	0.999846319348394
775	89	6506	0.999846319348394
776	86	6506	0.999846319348394
777	82	6506	0.999846319348394
778	80	6506	0.999846319348394
779	76	6506	0.999846319348394
780	71	6506	0.999846319348394
781	69	6506	0.999846319348394
782	69	6506	0.999846319348394
783	68	6506	0.999846319348394
784	67	6506	0.999846319348394
785	65	6506	0.999846319348394
786	64	6506	0.999846319348394
787	64	6507	1
788	61	6507	1
789	59	6507	1
790	58	6507	1
791	55	6507	1
792	54	6507	1
793	53	6507	1
794	52	6507	1
795	50	6507	1
796	49	6507	1
797	46	6507	1
798	45	6507	1
799	42	6507	1
800	40	6507	1
801	40	6507	1
802	37	6507	1
803	36	6507	1
804	33	6507	1
805	33	6507	1
806	33	6507	1
807	33	6507	1
808	31	6507	1
809	31	6507	1
810	30	6507	1
811	29	6507	1
812	29	6507	1
813	28	6507	1
814	27	6507	1
815	26	6507	1
816	23	6507	1
817	21	6507	1
818	21	6507	1
819	21	6507	1
820	21	6507	1
821	21	6507	1
822	20	6507	1
823	20	6507	1
824	19	6507	1
825	18	6507	1
826	17	6507	1
827	17	6507	1
828	15	6507	1
829	9	6507	1
830	9	6507	1
831	8	6507	1
832	7	6507	1
833	6	6507	1
834	6	6507	1
835	5	6507	1
836	4	6507	1
837	4	6507	1
838	3	6507	1
839	1	6507	1
840	1	6507	1
841	0	6507	1
842	0	6507	1
843	0	6507	1
844	0	6507	1
845	0	6507	1
846	0	6507	1
