order	fre	frePool	ratio
1	36390	36390	0.785910200203011
2	36093	37095	0.80113599550785
3	36089	37174	0.802842148456903
4	36005	38081	0.822430512061853
5	35913	38386	0.829017558257564
6	35878	38502	0.831522795499212
7	35844	38546	0.832473057901216
8	35411	38671	0.835172666997819
9	35299	38913	0.840399110208842
10	35289	38929	0.840744660173207
11	35234	39014	0.842580394358897
12	34369	39017	0.842645184977215
13	33972	39022	0.842753169341079
14	33532	39023	0.842774766213852
15	28947	39024	0.842796363086625
16	27081	39024	0.842796363086625
17	24143	39024	0.842796363086625
18	22625	39026	0.842839556832171
19	22610	39066	0.843703431743084
20	21135	39066	0.843703431743084
21	20881	39067	0.843725028615856
22	19840	40203	0.868259076085783
23	19127	40204	0.868280672958556
24	16042	40220	0.868626222922921
25	15832	40234	0.86892857914174
26	15830	40239	0.869036563505604
27	15736	40239	0.869036563505604
28	15671	40242	0.869101354123923
29	15584	40245	0.869166144742241
30	15397	40246	0.869187741615014
31	15304	40246	0.869187741615014
32	15271	40248	0.86923093536056
33	15263	40250	0.869274129106105
34	15194	40253	0.869338919724424
35	15137	40267	0.869641275943243
36	14925	40269	0.869684469688789
37	14912	40269	0.869684469688789
38	14828	40269	0.869684469688789
39	14666	40272	0.869749260307108
40	14460	40272	0.869749260307108
41	14257	40273	0.86977085717988
42	13727	40275	0.869814050925426
43	13692	40276	0.869835647798199
44	13595	40276	0.869835647798199
45	13588	40277	0.869857244670972
46	13433	40282	0.869965229034836
47	13344	40282	0.869965229034836
48	13319	40282	0.869965229034836
49	13032	40285	0.870030019653154
50	12792	40285	0.870030019653154
51	12652	40295	0.870245988380882
52	12590	40300	0.870353972744747
53	12568	45553	0.983802345420383
54	12423	45561	0.983975120402566
55	12288	45567	0.984104701639203
56	12014	45567	0.984104701639203
57	11523	45568	0.984126298511975
58	11417	45568	0.984126298511975
59	11415	45568	0.984126298511975
60	11134	45568	0.984126298511975
61	10997	45568	0.984126298511975
62	10925	45568	0.984126298511975
63	10668	45569	0.984147895384748
64	10636	45575	0.984277476621385
65	10534	45594	0.984687817204069
66	10415	45594	0.984687817204069
67	10233	45594	0.984687817204069
68	10222	45594	0.984687817204069
69	10065	45655	0.986005226443211
70	9779	45703	0.987041876336306
71	9707	45704	0.987063473209079
72	9706	45704	0.987063473209079
73	9608	45709	0.987171457572943
74	9573	45718	0.987365829427899
75	9572	45727	0.987560201282854
76	9568	45740	0.987840960628901
77	9472	45740	0.987840960628901
78	9367	45744	0.987927348119992
79	9208	45841	0.990022244778956
80	9203	45847	0.990151826015593
81	9129	45847	0.990151826015593
82	9070	45852	0.990259810379457
83	9045	45855	0.990324600997776
84	8960	45865	0.990540569725504
85	8925	45866	0.990562166598277
86	8743	45866	0.990562166598277
87	8616	45867	0.990583763471049
88	8602	45873	0.990713344707686
89	8524	45880	0.990864522817096
90	8405	45885	0.99097250718096
91	8222	45896	0.991210072781461
92	8218	45910	0.991512429000281
93	8206	45918	0.991685203982463
94	8054	45918	0.991685203982463
95	8052	45918	0.991685203982463
96	8011	45921	0.991749994600782
97	7984	45926	0.991857978964646
98	7937	45927	0.991879575837419
99	7753	45927	0.991879575837419
100	7540	45930	0.991944366455737
101	7491	45930	0.991944366455737
102	7452	45932	0.991987560201283
103	7444	45970	0.99280824136665
104	7435	45974	0.992894628857741
105	7434	45976	0.992937822603287
106	7420	45976	0.992937822603287
107	7305	45979	0.993002613221606
108	7294	45981	0.993045806967151
109	7251	45991	0.993261775694879
110	7229	45993	0.993304969440425
111	7201	45993	0.993304969440425
112	7174	45993	0.993304969440425
113	7156	45994	0.993326566313198
114	7101	45994	0.993326566313198
115	7076	45994	0.993326566313198
116	7070	45994	0.993326566313198
117	7051	46007	0.993607325659245
118	7018	46007	0.993607325659245
119	6978	46007	0.993607325659245
120	6953	46008	0.993628922532017
121	6897	46008	0.993628922532017
122	6864	46008	0.993628922532017
123	6715	46008	0.993628922532017
124	6616	46009	0.99365051940479
125	6611	46009	0.99365051940479
126	6604	46010	0.993672116277563
127	6573	46010	0.993672116277563
128	6573	46013	0.993736906895881
129	6561	46013	0.993736906895881
130	6553	46013	0.993736906895881
131	6496	46014	0.993758503768654
132	6489	46015	0.993780100641427
133	6458	46015	0.993780100641427
134	6458	46015	0.993780100641427
135	6438	46015	0.993780100641427
136	6429	46015	0.993780100641427
137	6413	46015	0.993780100641427
138	6409	46017	0.993823294386973
139	6355	46023	0.99395287562361
140	6329	46025	0.993996069369155
141	6328	46026	0.994017666241928
142	6293	46028	0.994060859987474
143	6263	46029	0.994082456860247
144	6257	46029	0.994082456860247
145	6254	46029	0.994082456860247
146	6200	46029	0.994082456860247
147	6185	46030	0.994104053733019
148	6177	46030	0.994104053733019
149	6140	46031	0.994125650605792
150	6095	46032	0.994147247478565
151	6083	46033	0.994168844351338
152	6080	46033	0.994168844351338
153	6063	46033	0.994168844351338
154	6008	46033	0.994168844351338
155	5995	46033	0.994168844351338
156	5993	46033	0.994168844351338
157	5993	46033	0.994168844351338
158	5925	46033	0.994168844351338
159	5869	46033	0.994168844351338
160	5861	46033	0.994168844351338
161	5851	46034	0.994190441224111
162	5847	46035	0.994212038096884
163	5839	46037	0.994255231842429
164	5824	46037	0.994255231842429
165	5794	46037	0.994255231842429
166	5780	46038	0.994276828715202
167	5771	46039	0.994298425587975
168	5752	46039	0.994298425587975
169	5717	46039	0.994298425587975
170	5714	46039	0.994298425587975
171	5704	46041	0.99434161933352
172	5684	46041	0.99434161933352
173	5672	46041	0.99434161933352
174	5669	46041	0.99434161933352
175	5662	46043	0.994384813079066
176	5633	46043	0.994384813079066
177	5629	46043	0.994384813079066
178	5614	46043	0.994384813079066
179	5569	46043	0.994384813079066
180	5532	46043	0.994384813079066
181	5509	46043	0.994384813079066
182	5502	46043	0.994384813079066
183	5479	46043	0.994384813079066
184	5476	46044	0.994406409951839
185	5465	46044	0.994406409951839
186	5454	46044	0.994406409951839
187	5440	46046	0.994449603697385
188	5440	46046	0.994449603697385
189	5420	46046	0.994449603697385
190	5413	46048	0.99449279744293
191	5400	46048	0.99449279744293
192	5387	46048	0.99449279744293
193	5373	46049	0.994514394315703
194	5369	46049	0.994514394315703
195	5355	46049	0.994514394315703
196	5350	46049	0.994514394315703
197	5329	46049	0.994514394315703
198	5314	46049	0.994514394315703
199	5285	46049	0.994514394315703
200	5263	46050	0.994535991188476
201	5245	46050	0.994535991188476
202	5227	46050	0.994535991188476
203	5224	46052	0.994579184934022
204	5194	46052	0.994579184934022
205	5176	46052	0.994579184934022
206	5133	46052	0.994579184934022
207	5129	46052	0.994579184934022
208	5126	46052	0.994579184934022
209	5102	46052	0.994579184934022
210	5091	46052	0.994579184934022
211	5084	46052	0.994579184934022
212	5083	46055	0.99464397555234
213	5072	46055	0.99464397555234
214	5067	46059	0.994730363043431
215	5063	46059	0.994730363043431
216	4996	46061	0.994773556788977
217	4983	46062	0.99479515366175
218	4982	46073	0.995032719262251
219	4981	46073	0.995032719262251
220	4980	46073	0.995032719262251
221	4972	46073	0.995032719262251
222	4965	46073	0.995032719262251
223	4961	46073	0.995032719262251
224	4954	46083	0.995248687989979
225	4953	46083	0.995248687989979
226	4940	46084	0.995270284862752
227	4920	46084	0.995270284862752
228	4908	46084	0.995270284862752
229	4898	46084	0.995270284862752
230	4890	46085	0.995291881735525
231	4878	46086	0.995313478608298
232	4872	46086	0.995313478608298
233	4871	46087	0.99533507548107
234	4852	46087	0.99533507548107
235	4849	46088	0.995356672353843
236	4843	46088	0.995356672353843
237	4838	46088	0.995356672353843
238	4837	46088	0.995356672353843
239	4832	46088	0.995356672353843
240	4798	46088	0.995356672353843
241	4781	46088	0.995356672353843
242	4766	46088	0.995356672353843
243	4757	46088	0.995356672353843
244	4756	46088	0.995356672353843
245	4756	46088	0.995356672353843
246	4739	46088	0.995356672353843
247	4735	46088	0.995356672353843
248	4714	46088	0.995356672353843
249	4703	46088	0.995356672353843
250	4695	46088	0.995356672353843
251	4694	46089	0.995378269226616
252	4687	46089	0.995378269226616
253	4681	46089	0.995378269226616
254	4675	46089	0.995378269226616
255	4672	46089	0.995378269226616
256	4653	46089	0.995378269226616
257	4650	46089	0.995378269226616
258	4650	46089	0.995378269226616
259	4643	46089	0.995378269226616
260	4617	46094	0.99548625359048
261	4602	46098	0.995572641081571
262	4596	46100	0.995615834827117
263	4576	46100	0.995615834827117
264	4571	46100	0.995615834827117
265	4561	46100	0.995615834827117
266	4561	46100	0.995615834827117
267	4552	46100	0.995615834827117
268	4548	46100	0.995615834827117
269	4544	46101	0.99563743169989
270	4538	46101	0.99563743169989
271	4526	46101	0.99563743169989
272	4521	46108	0.9957886098093
273	4517	46108	0.9957886098093
274	4512	46108	0.9957886098093
275	4510	46108	0.9957886098093
276	4503	46108	0.9957886098093
277	4501	46108	0.9957886098093
278	4497	46109	0.995810206682072
279	4493	46109	0.995810206682072
280	4486	46114	0.995918191045937
281	4480	46114	0.995918191045937
282	4471	46114	0.995918191045937
283	4471	46114	0.995918191045937
284	4470	46114	0.995918191045937
285	4467	46114	0.995918191045937
286	4458	46114	0.995918191045937
287	4458	46114	0.995918191045937
288	4441	46114	0.995918191045937
289	4434	46114	0.995918191045937
290	4431	46114	0.995918191045937
291	4423	46114	0.995918191045937
292	4415	46114	0.995918191045937
293	4407	46114	0.995918191045937
294	4403	46114	0.995918191045937
295	4388	46114	0.995918191045937
296	4380	46114	0.995918191045937
297	4371	46114	0.995918191045937
298	4369	46117	0.995982981664255
299	4369	46117	0.995982981664255
300	4367	46117	0.995982981664255
301	4364	46117	0.995982981664255
302	4363	46117	0.995982981664255
303	4360	46117	0.995982981664255
304	4349	46118	0.996004578537028
305	4349	46118	0.996004578537028
306	4341	46118	0.996004578537028
307	4338	46118	0.996004578537028
308	4338	46118	0.996004578537028
309	4336	46118	0.996004578537028
310	4335	46118	0.996004578537028
311	4332	46118	0.996004578537028
312	4327	46118	0.996004578537028
313	4322	46118	0.996004578537028
314	4322	46119	0.996026175409801
315	4322	46120	0.996047772282573
316	4306	46120	0.996047772282573
317	4302	46120	0.996047772282573
318	4300	46120	0.996047772282573
319	4297	46120	0.996047772282573
320	4294	46120	0.996047772282573
321	4282	46120	0.996047772282573
322	4270	46120	0.996047772282573
323	4266	46120	0.996047772282573
324	4265	46120	0.996047772282573
325	4260	46120	0.996047772282573
326	4260	46120	0.996047772282573
327	4259	46120	0.996047772282573
328	4250	46120	0.996047772282573
329	4242	46120	0.996047772282573
330	4240	46120	0.996047772282573
331	4238	46120	0.996047772282573
332	4238	46121	0.996069369155346
333	4232	46121	0.996069369155346
334	4218	46121	0.996069369155346
335	4216	46121	0.996069369155346
336	4211	46121	0.996069369155346
337	4210	46121	0.996069369155346
338	4196	46121	0.996069369155346
339	4195	46121	0.996069369155346
340	4181	46121	0.996069369155346
341	4179	46121	0.996069369155346
342	4174	46121	0.996069369155346
343	4157	46121	0.996069369155346
344	4128	46121	0.996069369155346
345	4127	46128	0.996220547264756
346	4122	46128	0.996220547264756
347	4119	46128	0.996220547264756
348	4111	46128	0.996220547264756
349	4106	46128	0.996220547264756
350	4105	46128	0.996220547264756
351	4105	46128	0.996220547264756
352	4091	46128	0.996220547264756
353	4085	46128	0.996220547264756
354	4083	46128	0.996220547264756
355	4076	46128	0.996220547264756
356	4075	46128	0.996220547264756
357	4069	46128	0.996220547264756
358	4063	46128	0.996220547264756
359	4055	46128	0.996220547264756
360	4054	46128	0.996220547264756
361	4054	46128	0.996220547264756
362	4047	46128	0.996220547264756
363	4047	46128	0.996220547264756
364	4042	46128	0.996220547264756
365	4041	46128	0.996220547264756
366	4037	46128	0.996220547264756
367	4033	46128	0.996220547264756
368	4032	46128	0.996220547264756
369	4027	46128	0.996220547264756
370	4026	46128	0.996220547264756
371	4020	46129	0.996242144137529
372	4014	46129	0.996242144137529
373	4014	46129	0.996242144137529
374	4007	46129	0.996242144137529
375	4005	46129	0.996242144137529
376	4005	46129	0.996242144137529
377	4004	46130	0.996263741010302
378	4002	46130	0.996263741010302
379	3997	46130	0.996263741010302
380	3995	46130	0.996263741010302
381	3993	46130	0.996263741010302
382	3991	46130	0.996263741010302
383	3988	46130	0.996263741010302
384	3986	46130	0.996263741010302
385	3984	46130	0.996263741010302
386	3984	46130	0.996263741010302
387	3983	46130	0.996263741010302
388	3974	46130	0.996263741010302
389	3961	46130	0.996263741010302
390	3959	46232	0.99846662203313
391	3955	46251	0.998876962615813
392	3954	46251	0.998876962615813
393	3949	46251	0.998876962615813
394	3947	46251	0.998876962615813
395	3935	46251	0.998876962615813
396	3934	46251	0.998876962615813
397	3931	46251	0.998876962615813
398	3931	46251	0.998876962615813
399	3929	46251	0.998876962615813
400	3929	46251	0.998876962615813
401	3927	46253	0.998920156361359
402	3927	46253	0.998920156361359
403	3926	46253	0.998920156361359
404	3926	46253	0.998920156361359
405	3926	46253	0.998920156361359
406	3925	46253	0.998920156361359
407	3924	46253	0.998920156361359
408	3924	46253	0.998920156361359
409	3923	46253	0.998920156361359
410	3922	46253	0.998920156361359
411	3919	46253	0.998920156361359
412	3919	46253	0.998920156361359
413	3919	46254	0.998941753234132
414	3918	46254	0.998941753234132
415	3916	46254	0.998941753234132
416	3913	46254	0.998941753234132
417	3912	46254	0.998941753234132
418	3910	46254	0.998941753234132
419	3908	46254	0.998941753234132
420	3900	46254	0.998941753234132
421	3899	46254	0.998941753234132
422	3897	46254	0.998941753234132
423	3892	46254	0.998941753234132
424	3889	46254	0.998941753234132
425	3886	46254	0.998941753234132
426	3883	46254	0.998941753234132
427	3882	46254	0.998941753234132
428	3879	46254	0.998941753234132
429	3878	46254	0.998941753234132
430	3878	46254	0.998941753234132
431	3875	46254	0.998941753234132
432	3875	46254	0.998941753234132
433	3875	46254	0.998941753234132
434	3873	46254	0.998941753234132
435	3872	46254	0.998941753234132
436	3869	46254	0.998941753234132
437	3868	46254	0.998941753234132
438	3867	46254	0.998941753234132
439	3866	46254	0.998941753234132
440	3863	46254	0.998941753234132
441	3855	46254	0.998941753234132
442	3854	46254	0.998941753234132
443	3854	46255	0.998963350106905
444	3852	46255	0.998963350106905
445	3851	46255	0.998963350106905
446	3849	46255	0.998963350106905
447	3848	46255	0.998963350106905
448	3847	46255	0.998963350106905
449	3847	46266	0.999200915707406
450	3844	46266	0.999200915707406
451	3839	46266	0.999200915707406
452	3839	46266	0.999200915707406
453	3837	46266	0.999200915707406
454	3835	46266	0.999200915707406
455	3835	46266	0.999200915707406
456	3822	46266	0.999200915707406
457	3820	46266	0.999200915707406
458	3817	46266	0.999200915707406
459	3816	46266	0.999200915707406
460	3813	46266	0.999200915707406
461	3813	46266	0.999200915707406
462	3811	46266	0.999200915707406
463	3810	46266	0.999200915707406
464	3810	46266	0.999200915707406
465	3805	46266	0.999200915707406
466	3801	46266	0.999200915707406
467	3801	46266	0.999200915707406
468	3798	46266	0.999200915707406
469	3798	46266	0.999200915707406
470	3797	46266	0.999200915707406
471	3796	46266	0.999200915707406
472	3796	46266	0.999200915707406
473	3796	46266	0.999200915707406
474	3796	46266	0.999200915707406
475	3794	46266	0.999200915707406
476	3794	46266	0.999200915707406
477	3791	46266	0.999200915707406
478	3789	46266	0.999200915707406
479	3788	46266	0.999200915707406
480	3788	46266	0.999200915707406
481	3784	46269	0.999265706325724
482	3784	46269	0.999265706325724
483	3784	46269	0.999265706325724
484	3781	46269	0.999265706325724
485	3777	46269	0.999265706325724
486	3776	46269	0.999265706325724
487	3775	46269	0.999265706325724
488	3774	46269	0.999265706325724
489	3772	46269	0.999265706325724
490	3769	46269	0.999265706325724
491	3769	46269	0.999265706325724
492	3769	46269	0.999265706325724
493	3768	46269	0.999265706325724
494	3767	46269	0.999265706325724
495	3765	46269	0.999265706325724
496	3765	46269	0.999265706325724
497	3761	46269	0.999265706325724
498	3759	46270	0.999287303198497
499	3758	46270	0.999287303198497
500	3756	46270	0.999287303198497
501	3754	46270	0.999287303198497
502	3753	46270	0.999287303198497
503	3752	46270	0.999287303198497
504	3751	46270	0.999287303198497
505	3750	46270	0.999287303198497
506	3745	46270	0.999287303198497
507	3745	46270	0.999287303198497
508	3743	46270	0.999287303198497
509	3743	46279	0.999481675053452
510	3741	46279	0.999481675053452
511	3740	46279	0.999481675053452
512	3737	46279	0.999481675053452
513	3735	46279	0.999481675053452
514	3734	46279	0.999481675053452
515	3731	46279	0.999481675053452
516	3730	46279	0.999481675053452
517	3730	46279	0.999481675053452
518	3729	46279	0.999481675053452
519	3727	46279	0.999481675053452
520	3726	46279	0.999481675053452
521	3725	46279	0.999481675053452
522	3725	46279	0.999481675053452
523	3722	46279	0.999481675053452
524	3722	46279	0.999481675053452
525	3721	46279	0.999481675053452
526	3717	46279	0.999481675053452
527	3715	46279	0.999481675053452
528	3711	46279	0.999481675053452
529	3711	46279	0.999481675053452
530	3709	46280	0.999503271926225
531	3709	46280	0.999503271926225
532	3709	46280	0.999503271926225
533	3709	46280	0.999503271926225
534	3707	46280	0.999503271926225
535	3707	46280	0.999503271926225
536	3704	46280	0.999503271926225
537	3701	46280	0.999503271926225
538	3701	46281	0.999524868798998
539	3697	46281	0.999524868798998
540	3696	46281	0.999524868798998
541	3695	46281	0.999524868798998
542	3695	46281	0.999524868798998
543	3691	46281	0.999524868798998
544	3691	46282	0.999546465671771
545	3690	46282	0.999546465671771
546	3689	46282	0.999546465671771
547	3687	46282	0.999546465671771
548	3687	46282	0.999546465671771
549	3686	46282	0.999546465671771
550	3685	46282	0.999546465671771
551	3683	46283	0.999568062544544
552	3675	46283	0.999568062544544
553	3674	46283	0.999568062544544
554	3673	46283	0.999568062544544
555	3673	46283	0.999568062544544
556	3672	46283	0.999568062544544
557	3671	46283	0.999568062544544
558	3670	46283	0.999568062544544
559	3670	46283	0.999568062544544
560	3669	46283	0.999568062544544
561	3668	46283	0.999568062544544
562	3668	46283	0.999568062544544
563	3668	46283	0.999568062544544
564	3668	46283	0.999568062544544
565	3667	46283	0.999568062544544
566	3666	46283	0.999568062544544
567	3666	46283	0.999568062544544
568	3663	46283	0.999568062544544
569	3662	46283	0.999568062544544
570	3661	46283	0.999568062544544
571	3660	46283	0.999568062544544
572	3658	46283	0.999568062544544
573	3658	46283	0.999568062544544
574	3658	46283	0.999568062544544
575	3657	46283	0.999568062544544
576	3656	46283	0.999568062544544
577	3656	46283	0.999568062544544
578	3656	46283	0.999568062544544
579	3653	46283	0.999568062544544
580	3652	46283	0.999568062544544
581	3652	46283	0.999568062544544
582	3652	46283	0.999568062544544
583	3650	46283	0.999568062544544
584	3650	46283	0.999568062544544
585	3649	46283	0.999568062544544
586	3648	46283	0.999568062544544
587	3646	46283	0.999568062544544
588	3646	46286	0.999632853162862
589	3645	46286	0.999632853162862
590	3645	46286	0.999632853162862
591	3642	46286	0.999632853162862
592	3642	46286	0.999632853162862
593	3640	46286	0.999632853162862
594	3640	46286	0.999632853162862
595	3639	46286	0.999632853162862
596	3639	46286	0.999632853162862
597	3637	46286	0.999632853162862
598	3637	46286	0.999632853162862
599	3636	46286	0.999632853162862
600	3632	46286	0.999632853162862
601	3631	46286	0.999632853162862
602	3630	46286	0.999632853162862
603	3627	46286	0.999632853162862
604	3627	46286	0.999632853162862
605	3626	46286	0.999632853162862
606	3625	46286	0.999632853162862
607	3624	46286	0.999632853162862
608	3623	46286	0.999632853162862
609	3622	46286	0.999632853162862
610	3622	46286	0.999632853162862
611	3621	46286	0.999632853162862
612	3621	46286	0.999632853162862
613	3620	46286	0.999632853162862
614	3619	46286	0.999632853162862
615	3619	46286	0.999632853162862
616	3617	46286	0.999632853162862
617	3617	46286	0.999632853162862
618	3614	46286	0.999632853162862
619	3614	46286	0.999632853162862
620	3614	46286	0.999632853162862
621	3613	46286	0.999632853162862
622	3613	46286	0.999632853162862
623	3613	46286	0.999632853162862
624	3613	46286	0.999632853162862
625	3613	46294	0.999805628145045
626	3611	46294	0.999805628145045
627	3611	46294	0.999805628145045
628	3610	46294	0.999805628145045
629	3609	46294	0.999805628145045
630	3608	46294	0.999805628145045
631	3608	46294	0.999805628145045
632	3607	46294	0.999805628145045
633	3606	46294	0.999805628145045
634	3604	46294	0.999805628145045
635	3603	46294	0.999805628145045
636	3603	46294	0.999805628145045
637	3602	46294	0.999805628145045
638	3601	46294	0.999805628145045
639	3600	46294	0.999805628145045
640	3599	46294	0.999805628145045
641	3598	46294	0.999805628145045
642	3597	46294	0.999805628145045
643	3597	46294	0.999805628145045
644	3597	46294	0.999805628145045
645	3595	46295	0.999827225017817
646	3595	46295	0.999827225017817
647	3594	46295	0.999827225017817
648	3593	46295	0.999827225017817
649	3593	46295	0.999827225017817
650	3592	46295	0.999827225017817
651	3592	46295	0.999827225017817
652	3592	46295	0.999827225017817
653	3588	46295	0.999827225017817
654	3584	46295	0.999827225017817
655	3580	46296	0.99984882189059
656	3579	46296	0.99984882189059
657	3579	46296	0.99984882189059
658	3578	46296	0.99984882189059
659	3578	46296	0.99984882189059
660	3577	46296	0.99984882189059
661	3576	46297	0.999870418763363
662	3576	46297	0.999870418763363
663	3576	46297	0.999870418763363
664	3575	46297	0.999870418763363
665	3574	46297	0.999870418763363
666	3574	46297	0.999870418763363
667	3573	46297	0.999870418763363
668	3572	46297	0.999870418763363
669	3571	46297	0.999870418763363
670	3571	46297	0.999870418763363
671	3570	46297	0.999870418763363
672	3569	46297	0.999870418763363
673	3569	46297	0.999870418763363
674	3568	46297	0.999870418763363
675	3568	46297	0.999870418763363
676	3565	46297	0.999870418763363
677	3565	46297	0.999870418763363
678	3564	46297	0.999870418763363
679	3564	46297	0.999870418763363
680	3561	46297	0.999870418763363
681	3561	46297	0.999870418763363
682	3561	46297	0.999870418763363
683	3558	46297	0.999870418763363
684	3557	46297	0.999870418763363
685	3557	46297	0.999870418763363
686	3557	46297	0.999870418763363
687	3556	46297	0.999870418763363
688	3556	46297	0.999870418763363
689	3554	46297	0.999870418763363
690	3554	46297	0.999870418763363
691	3553	46297	0.999870418763363
692	3552	46297	0.999870418763363
693	3552	46297	0.999870418763363
694	3551	46297	0.999870418763363
695	3549	46297	0.999870418763363
696	3549	46297	0.999870418763363
697	3549	46297	0.999870418763363
698	3549	46297	0.999870418763363
699	3547	46297	0.999870418763363
700	3546	46297	0.999870418763363
701	3545	46297	0.999870418763363
702	3545	46297	0.999870418763363
703	3544	46297	0.999870418763363
704	3544	46297	0.999870418763363
705	3542	46297	0.999870418763363
706	3542	46297	0.999870418763363
707	3542	46297	0.999870418763363
708	3541	46297	0.999870418763363
709	3541	46297	0.999870418763363
710	3540	46297	0.999870418763363
711	3540	46297	0.999870418763363
712	3540	46297	0.999870418763363
713	3539	46297	0.999870418763363
714	3539	46297	0.999870418763363
715	3539	46297	0.999870418763363
716	3538	46297	0.999870418763363
717	3537	46297	0.999870418763363
718	3536	46297	0.999870418763363
719	3536	46297	0.999870418763363
720	3534	46297	0.999870418763363
721	3533	46297	0.999870418763363
722	3533	46297	0.999870418763363
723	3533	46297	0.999870418763363
724	3532	46297	0.999870418763363
725	3531	46297	0.999870418763363
726	3531	46297	0.999870418763363
727	3530	46297	0.999870418763363
728	3529	46297	0.999870418763363
729	3528	46297	0.999870418763363
730	3527	46297	0.999870418763363
731	3527	46297	0.999870418763363
732	3525	46297	0.999870418763363
733	3525	46297	0.999870418763363
734	3525	46297	0.999870418763363
735	3523	46297	0.999870418763363
736	3522	46297	0.999870418763363
737	3521	46297	0.999870418763363
738	3521	46297	0.999870418763363
739	3521	46297	0.999870418763363
740	3519	46297	0.999870418763363
741	3518	46297	0.999870418763363
742	3517	46297	0.999870418763363
743	3516	46297	0.999870418763363
744	3516	46297	0.999870418763363
745	3515	46297	0.999870418763363
746	3514	46297	0.999870418763363
747	3514	46297	0.999870418763363
748	3514	46297	0.999870418763363
749	3513	46297	0.999870418763363
750	3508	46297	0.999870418763363
751	3507	46297	0.999870418763363
752	3507	46297	0.999870418763363
753	3504	46297	0.999870418763363
754	3504	46297	0.999870418763363
755	3504	46297	0.999870418763363
756	3503	46297	0.999870418763363
757	3502	46297	0.999870418763363
758	3502	46297	0.999870418763363
759	3502	46297	0.999870418763363
760	3501	46297	0.999870418763363
761	3501	46297	0.999870418763363
762	3500	46297	0.999870418763363
763	3500	46297	0.999870418763363
764	3498	46297	0.999870418763363
765	3497	46297	0.999870418763363
766	3495	46297	0.999870418763363
767	3495	46297	0.999870418763363
768	3494	46298	0.999892015636136
769	3492	46298	0.999892015636136
770	3491	46299	0.999913612508909
771	3491	46299	0.999913612508909
772	3490	46299	0.999913612508909
773	3490	46299	0.999913612508909
774	3488	46299	0.999913612508909
775	3488	46299	0.999913612508909
776	3487	46299	0.999913612508909
777	3486	46299	0.999913612508909
778	3482	46299	0.999913612508909
779	3482	46299	0.999913612508909
780	3481	46299	0.999913612508909
781	3481	46299	0.999913612508909
782	3479	46299	0.999913612508909
783	3479	46299	0.999913612508909
784	3479	46299	0.999913612508909
785	3478	46299	0.999913612508909
786	3477	46299	0.999913612508909
787	3477	46299	0.999913612508909
788	3477	46299	0.999913612508909
789	3477	46299	0.999913612508909
790	3476	46299	0.999913612508909
791	3475	46299	0.999913612508909
792	3475	46299	0.999913612508909
793	3472	46299	0.999913612508909
794	3471	46299	0.999913612508909
795	3471	46299	0.999913612508909
796	3470	46299	0.999913612508909
797	3469	46299	0.999913612508909
798	3468	46299	0.999913612508909
799	3466	46299	0.999913612508909
800	3463	46299	0.999913612508909
801	3463	46299	0.999913612508909
802	3463	46299	0.999913612508909
803	3462	46299	0.999913612508909
804	3462	46299	0.999913612508909
805	3462	46299	0.999913612508909
806	3461	46299	0.999913612508909
807	3461	46299	0.999913612508909
808	3461	46299	0.999913612508909
809	3460	46299	0.999913612508909
810	3460	46299	0.999913612508909
811	3460	46299	0.999913612508909
812	3457	46299	0.999913612508909
813	3456	46299	0.999913612508909
814	3455	46299	0.999913612508909
815	3454	46299	0.999913612508909
816	3453	46299	0.999913612508909
817	3452	46299	0.999913612508909
818	3452	46299	0.999913612508909
819	3452	46299	0.999913612508909
820	3451	46299	0.999913612508909
821	3451	46299	0.999913612508909
822	3449	46299	0.999913612508909
823	3449	46299	0.999913612508909
824	3448	46299	0.999913612508909
825	3448	46299	0.999913612508909
826	3446	46299	0.999913612508909
827	3446	46299	0.999913612508909
828	3444	46299	0.999913612508909
829	3444	46299	0.999913612508909
830	3442	46299	0.999913612508909
831	3442	46299	0.999913612508909
832	3442	46299	0.999913612508909
833	3441	46299	0.999913612508909
834	3441	46299	0.999913612508909
835	3439	46299	0.999913612508909
836	3437	46299	0.999913612508909
837	3435	46299	0.999913612508909
838	3434	46299	0.999913612508909
839	3433	46299	0.999913612508909
840	3433	46299	0.999913612508909
841	3432	46299	0.999913612508909
842	3431	46299	0.999913612508909
843	3430	46299	0.999913612508909
844	3430	46299	0.999913612508909
845	3429	46299	0.999913612508909
846	3429	46299	0.999913612508909
847	3428	46299	0.999913612508909
848	3427	46299	0.999913612508909
849	3426	46299	0.999913612508909
850	3426	46299	0.999913612508909
851	3425	46299	0.999913612508909
852	3425	46299	0.999913612508909
853	3425	46299	0.999913612508909
854	3425	46299	0.999913612508909
855	3424	46299	0.999913612508909
856	3424	46299	0.999913612508909
857	3423	46299	0.999913612508909
858	3422	46299	0.999913612508909
859	3421	46299	0.999913612508909
860	3419	46299	0.999913612508909
861	3419	46299	0.999913612508909
862	3419	46299	0.999913612508909
863	3418	46299	0.999913612508909
864	3417	46299	0.999913612508909
865	3416	46299	0.999913612508909
866	3415	46299	0.999913612508909
867	3414	46299	0.999913612508909
868	3414	46299	0.999913612508909
869	3414	46299	0.999913612508909
870	3413	46299	0.999913612508909
871	3413	46299	0.999913612508909
872	3412	46299	0.999913612508909
873	3410	46299	0.999913612508909
874	3410	46299	0.999913612508909
875	3410	46299	0.999913612508909
876	3410	46299	0.999913612508909
877	3409	46299	0.999913612508909
878	3407	46299	0.999913612508909
879	3406	46299	0.999913612508909
880	3406	46299	0.999913612508909
881	3405	46299	0.999913612508909
882	3405	46299	0.999913612508909
883	3403	46299	0.999913612508909
884	3403	46299	0.999913612508909
885	3403	46299	0.999913612508909
886	3402	46299	0.999913612508909
887	3402	46299	0.999913612508909
888	3399	46299	0.999913612508909
889	3398	46299	0.999913612508909
890	3398	46299	0.999913612508909
891	3397	46299	0.999913612508909
892	3396	46299	0.999913612508909
893	3396	46299	0.999913612508909
894	3396	46299	0.999913612508909
895	3395	46299	0.999913612508909
896	3394	46299	0.999913612508909
897	3394	46299	0.999913612508909
898	3393	46299	0.999913612508909
899	3393	46299	0.999913612508909
900	3392	46299	0.999913612508909
901	3390	46299	0.999913612508909
902	3389	46299	0.999913612508909
903	3389	46300	0.999935209381682
904	3389	46300	0.999935209381682
905	3389	46300	0.999935209381682
906	3388	46300	0.999935209381682
907	3388	46300	0.999935209381682
908	3388	46300	0.999935209381682
909	3388	46300	0.999935209381682
910	3387	46300	0.999935209381682
911	3387	46300	0.999935209381682
912	3384	46300	0.999935209381682
913	3384	46300	0.999935209381682
914	3384	46300	0.999935209381682
915	3384	46300	0.999935209381682
916	3383	46300	0.999935209381682
917	3383	46300	0.999935209381682
918	3381	46300	0.999935209381682
919	3380	46300	0.999935209381682
920	3380	46300	0.999935209381682
921	3380	46300	0.999935209381682
922	3379	46300	0.999935209381682
923	3379	46300	0.999935209381682
924	3378	46300	0.999935209381682
925	3378	46300	0.999935209381682
926	3375	46300	0.999935209381682
927	3371	46300	0.999935209381682
928	3371	46300	0.999935209381682
929	3370	46300	0.999935209381682
930	3369	46300	0.999935209381682
931	3368	46300	0.999935209381682
932	3366	46300	0.999935209381682
933	3363	46300	0.999935209381682
934	3362	46300	0.999935209381682
935	3362	46300	0.999935209381682
936	3360	46300	0.999935209381682
937	3360	46300	0.999935209381682
938	3359	46300	0.999935209381682
939	3359	46300	0.999935209381682
940	3355	46300	0.999935209381682
941	3354	46300	0.999935209381682
942	3354	46300	0.999935209381682
943	3353	46300	0.999935209381682
944	3350	46300	0.999935209381682
945	3350	46300	0.999935209381682
946	3349	46300	0.999935209381682
947	3347	46300	0.999935209381682
948	3346	46300	0.999935209381682
949	3346	46300	0.999935209381682
950	3346	46300	0.999935209381682
951	3343	46300	0.999935209381682
952	3343	46300	0.999935209381682
953	3342	46300	0.999935209381682
954	3342	46300	0.999935209381682
955	3341	46300	0.999935209381682
956	3341	46300	0.999935209381682
957	3341	46300	0.999935209381682
958	3341	46300	0.999935209381682
959	3340	46300	0.999935209381682
960	3340	46300	0.999935209381682
961	3338	46300	0.999935209381682
962	3337	46300	0.999935209381682
963	3337	46300	0.999935209381682
964	3332	46300	0.999935209381682
965	3331	46300	0.999935209381682
966	3330	46300	0.999935209381682
967	3330	46300	0.999935209381682
968	3329	46300	0.999935209381682
969	3328	46300	0.999935209381682
970	3327	46300	0.999935209381682
971	3326	46300	0.999935209381682
972	3326	46300	0.999935209381682
973	3323	46300	0.999935209381682
974	3322	46300	0.999935209381682
975	3322	46300	0.999935209381682
976	3322	46300	0.999935209381682
977	3320	46300	0.999935209381682
978	3320	46300	0.999935209381682
979	3320	46300	0.999935209381682
980	3319	46300	0.999935209381682
981	3319	46300	0.999935209381682
982	3318	46300	0.999935209381682
983	3318	46300	0.999935209381682
984	3318	46300	0.999935209381682
985	3312	46300	0.999935209381682
986	3311	46300	0.999935209381682
987	3311	46300	0.999935209381682
988	3310	46300	0.999935209381682
989	3310	46300	0.999935209381682
990	3309	46300	0.999935209381682
991	3308	46300	0.999935209381682
992	3308	46300	0.999935209381682
993	3306	46300	0.999935209381682
994	3306	46300	0.999935209381682
995	3305	46300	0.999935209381682
996	3305	46300	0.999935209381682
997	3303	46300	0.999935209381682
998	3303	46300	0.999935209381682
999	3302	46300	0.999935209381682
1000	3302	46300	0.999935209381682
1001	3301	46300	0.999935209381682
1002	3297	46300	0.999935209381682
1003	3297	46300	0.999935209381682
1004	3296	46300	0.999935209381682
1005	3296	46300	0.999935209381682
1006	3296	46300	0.999935209381682
1007	3294	46300	0.999935209381682
1008	3293	46300	0.999935209381682
1009	3293	46300	0.999935209381682
1010	3292	46300	0.999935209381682
1011	3292	46300	0.999935209381682
1012	3290	46300	0.999935209381682
1013	3289	46300	0.999935209381682
1014	3288	46300	0.999935209381682
1015	3287	46300	0.999935209381682
1016	3286	46300	0.999935209381682
1017	3286	46300	0.999935209381682
1018	3286	46300	0.999935209381682
1019	3285	46300	0.999935209381682
1020	3285	46300	0.999935209381682
1021	3285	46300	0.999935209381682
1022	3284	46300	0.999935209381682
1023	3284	46300	0.999935209381682
1024	3283	46300	0.999935209381682
1025	3280	46300	0.999935209381682
1026	3280	46300	0.999935209381682
1027	3276	46300	0.999935209381682
1028	3276	46300	0.999935209381682
1029	3273	46300	0.999935209381682
1030	3273	46300	0.999935209381682
1031	3272	46300	0.999935209381682
1032	3270	46300	0.999935209381682
1033	3267	46300	0.999935209381682
1034	3266	46300	0.999935209381682
1035	3264	46300	0.999935209381682
1036	3263	46300	0.999935209381682
1037	3263	46300	0.999935209381682
1038	3262	46300	0.999935209381682
1039	3260	46300	0.999935209381682
1040	3260	46300	0.999935209381682
1041	3260	46300	0.999935209381682
1042	3260	46300	0.999935209381682
1043	3259	46300	0.999935209381682
1044	3259	46300	0.999935209381682
1045	3258	46300	0.999935209381682
1046	3257	46300	0.999935209381682
1047	3256	46300	0.999935209381682
1048	3256	46300	0.999935209381682
1049	3254	46300	0.999935209381682
1050	3253	46300	0.999935209381682
1051	3252	46300	0.999935209381682
1052	3249	46300	0.999935209381682
1053	3249	46300	0.999935209381682
1054	3248	46300	0.999935209381682
1055	3248	46300	0.999935209381682
1056	3246	46300	0.999935209381682
1057	3246	46300	0.999935209381682
1058	3246	46300	0.999935209381682
1059	3245	46300	0.999935209381682
1060	3244	46300	0.999935209381682
1061	3243	46300	0.999935209381682
1062	3242	46300	0.999935209381682
1063	3241	46300	0.999935209381682
1064	3241	46300	0.999935209381682
1065	3240	46300	0.999935209381682
1066	3239	46300	0.999935209381682
1067	3239	46300	0.999935209381682
1068	3238	46300	0.999935209381682
1069	3237	46300	0.999935209381682
1070	3235	46300	0.999935209381682
1071	3235	46300	0.999935209381682
1072	3234	46300	0.999935209381682
1073	3233	46300	0.999935209381682
1074	3233	46300	0.999935209381682
1075	3233	46300	0.999935209381682
1076	3232	46300	0.999935209381682
1077	3232	46300	0.999935209381682
1078	3232	46300	0.999935209381682
1079	3232	46300	0.999935209381682
1080	3231	46300	0.999935209381682
1081	3231	46300	0.999935209381682
1082	3230	46300	0.999935209381682
1083	3230	46300	0.999935209381682
1084	3229	46300	0.999935209381682
1085	3229	46300	0.999935209381682
1086	3228	46300	0.999935209381682
1087	3228	46300	0.999935209381682
1088	3228	46300	0.999935209381682
1089	3226	46300	0.999935209381682
1090	3226	46300	0.999935209381682
1091	3226	46300	0.999935209381682
1092	3224	46300	0.999935209381682
1093	3224	46300	0.999935209381682
1094	3223	46300	0.999935209381682
1095	3221	46300	0.999935209381682
1096	3219	46300	0.999935209381682
1097	3218	46300	0.999935209381682
1098	3217	46300	0.999935209381682
1099	3216	46300	0.999935209381682
1100	3215	46300	0.999935209381682
1101	3214	46300	0.999935209381682
1102	3210	46300	0.999935209381682
1103	3210	46300	0.999935209381682
1104	3209	46300	0.999935209381682
1105	3208	46300	0.999935209381682
1106	3207	46300	0.999935209381682
1107	3207	46300	0.999935209381682
1108	3205	46300	0.999935209381682
1109	3204	46300	0.999935209381682
1110	3204	46300	0.999935209381682
1111	3200	46300	0.999935209381682
1112	3200	46300	0.999935209381682
1113	3199	46300	0.999935209381682
1114	3199	46300	0.999935209381682
1115	3198	46300	0.999935209381682
1116	3198	46300	0.999935209381682
1117	3198	46300	0.999935209381682
1118	3197	46300	0.999935209381682
1119	3197	46300	0.999935209381682
1120	3196	46300	0.999935209381682
1121	3196	46300	0.999935209381682
1122	3194	46300	0.999935209381682
1123	3194	46300	0.999935209381682
1124	3194	46300	0.999935209381682
1125	3194	46300	0.999935209381682
1126	3193	46300	0.999935209381682
1127	3193	46300	0.999935209381682
1128	3193	46300	0.999935209381682
1129	3193	46300	0.999935209381682
1130	3192	46300	0.999935209381682
1131	3191	46300	0.999935209381682
1132	3190	46300	0.999935209381682
1133	3190	46300	0.999935209381682
1134	3190	46300	0.999935209381682
1135	3189	46300	0.999935209381682
1136	3189	46300	0.999935209381682
1137	3189	46300	0.999935209381682
1138	3189	46300	0.999935209381682
1139	3187	46300	0.999935209381682
1140	3187	46300	0.999935209381682
1141	3187	46300	0.999935209381682
1142	3186	46300	0.999935209381682
1143	3185	46300	0.999935209381682
1144	3184	46300	0.999935209381682
1145	3184	46300	0.999935209381682
1146	3182	46300	0.999935209381682
1147	3182	46300	0.999935209381682
1148	3180	46300	0.999935209381682
1149	3179	46300	0.999935209381682
1150	3178	46300	0.999935209381682
1151	3177	46300	0.999935209381682
1152	3177	46300	0.999935209381682
1153	3177	46300	0.999935209381682
1154	3176	46300	0.999935209381682
1155	3176	46300	0.999935209381682
1156	3175	46300	0.999935209381682
1157	3173	46300	0.999935209381682
1158	3173	46300	0.999935209381682
1159	3173	46300	0.999935209381682
1160	3172	46300	0.999935209381682
1161	3172	46300	0.999935209381682
1162	3171	46300	0.999935209381682
1163	3171	46300	0.999935209381682
1164	3170	46300	0.999935209381682
1165	3169	46300	0.999935209381682
1166	3167	46300	0.999935209381682
1167	3167	46300	0.999935209381682
1168	3166	46300	0.999935209381682
1169	3166	46300	0.999935209381682
1170	3166	46300	0.999935209381682
1171	3165	46300	0.999935209381682
1172	3162	46300	0.999935209381682
1173	3160	46300	0.999935209381682
1174	3159	46300	0.999935209381682
1175	3159	46300	0.999935209381682
1176	3158	46300	0.999935209381682
1177	3158	46300	0.999935209381682
1178	3158	46300	0.999935209381682
1179	3157	46300	0.999935209381682
1180	3155	46300	0.999935209381682
1181	3155	46300	0.999935209381682
1182	3154	46300	0.999935209381682
1183	3154	46300	0.999935209381682
1184	3153	46300	0.999935209381682
1185	3152	46300	0.999935209381682
1186	3152	46300	0.999935209381682
1187	3152	46300	0.999935209381682
1188	3152	46300	0.999935209381682
1189	3151	46300	0.999935209381682
1190	3151	46300	0.999935209381682
1191	3150	46300	0.999935209381682
1192	3150	46300	0.999935209381682
1193	3150	46300	0.999935209381682
1194	3150	46300	0.999935209381682
1195	3149	46300	0.999935209381682
1196	3149	46300	0.999935209381682
1197	3148	46300	0.999935209381682
1198	3146	46300	0.999935209381682
1199	3146	46300	0.999935209381682
1200	3144	46300	0.999935209381682
1201	3143	46300	0.999935209381682
1202	3141	46300	0.999935209381682
1203	3141	46300	0.999935209381682
1204	3140	46300	0.999935209381682
1205	3138	46300	0.999935209381682
1206	3137	46300	0.999935209381682
1207	3137	46300	0.999935209381682
1208	3137	46300	0.999935209381682
1209	3136	46300	0.999935209381682
1210	3135	46300	0.999935209381682
1211	3135	46300	0.999935209381682
1212	3134	46300	0.999935209381682
1213	3133	46300	0.999935209381682
1214	3132	46300	0.999935209381682
1215	3132	46300	0.999935209381682
1216	3132	46300	0.999935209381682
1217	3130	46300	0.999935209381682
1218	3128	46300	0.999935209381682
1219	3128	46300	0.999935209381682
1220	3126	46300	0.999935209381682
1221	3126	46300	0.999935209381682
1222	3125	46300	0.999935209381682
1223	3124	46300	0.999935209381682
1224	3123	46300	0.999935209381682
1225	3123	46300	0.999935209381682
1226	3122	46300	0.999935209381682
1227	3121	46300	0.999935209381682
1228	3119	46300	0.999935209381682
1229	3118	46300	0.999935209381682
1230	3118	46300	0.999935209381682
1231	3115	46300	0.999935209381682
1232	3114	46300	0.999935209381682
1233	3114	46300	0.999935209381682
1234	3113	46301	0.999956806254454
1235	3111	46301	0.999956806254454
1236	3111	46301	0.999956806254454
1237	3110	46301	0.999956806254454
1238	3110	46301	0.999956806254454
1239	3109	46301	0.999956806254454
1240	3108	46301	0.999956806254454
1241	3108	46301	0.999956806254454
1242	3106	46301	0.999956806254454
1243	3106	46301	0.999956806254454
1244	3106	46301	0.999956806254454
1245	3106	46301	0.999956806254454
1246	3105	46301	0.999956806254454
1247	3104	46301	0.999956806254454
1248	3104	46301	0.999956806254454
1249	3102	46301	0.999956806254454
1250	3102	46301	0.999956806254454
1251	3102	46301	0.999956806254454
1252	3100	46301	0.999956806254454
1253	3100	46301	0.999956806254454
1254	3099	46301	0.999956806254454
1255	3099	46301	0.999956806254454
1256	3099	46301	0.999956806254454
1257	3098	46301	0.999956806254454
1258	3097	46301	0.999956806254454
1259	3097	46301	0.999956806254454
1260	3097	46301	0.999956806254454
1261	3097	46301	0.999956806254454
1262	3097	46301	0.999956806254454
1263	3095	46301	0.999956806254454
1264	3095	46301	0.999956806254454
1265	3093	46301	0.999956806254454
1266	3093	46301	0.999956806254454
1267	3092	46301	0.999956806254454
1268	3092	46301	0.999956806254454
1269	3092	46301	0.999956806254454
1270	3091	46301	0.999956806254454
1271	3091	46301	0.999956806254454
1272	3091	46301	0.999956806254454
1273	3090	46301	0.999956806254454
1274	3090	46301	0.999956806254454
1275	3089	46301	0.999956806254454
1276	3089	46301	0.999956806254454
1277	3087	46301	0.999956806254454
1278	3087	46301	0.999956806254454
1279	3087	46301	0.999956806254454
1280	3086	46301	0.999956806254454
1281	3086	46301	0.999956806254454
1282	3086	46301	0.999956806254454
1283	3086	46301	0.999956806254454
1284	3085	46301	0.999956806254454
1285	3085	46301	0.999956806254454
1286	3084	46301	0.999956806254454
1287	3083	46301	0.999956806254454
1288	3081	46301	0.999956806254454
1289	3081	46301	0.999956806254454
1290	3080	46301	0.999956806254454
1291	3080	46301	0.999956806254454
1292	3079	46301	0.999956806254454
1293	3079	46301	0.999956806254454
1294	3077	46301	0.999956806254454
1295	3077	46301	0.999956806254454
1296	3076	46301	0.999956806254454
1297	3076	46301	0.999956806254454
1298	3075	46301	0.999956806254454
1299	3075	46301	0.999956806254454
1300	3075	46301	0.999956806254454
1301	3074	46301	0.999956806254454
1302	3074	46301	0.999956806254454
1303	3073	46301	0.999956806254454
1304	3072	46301	0.999956806254454
1305	3072	46301	0.999956806254454
1306	3071	46301	0.999956806254454
1307	3071	46301	0.999956806254454
1308	3070	46301	0.999956806254454
1309	3070	46301	0.999956806254454
1310	3070	46301	0.999956806254454
1311	3070	46301	0.999956806254454
1312	3069	46301	0.999956806254454
1313	3068	46301	0.999956806254454
1314	3068	46301	0.999956806254454
1315	3067	46301	0.999956806254454
1316	3066	46301	0.999956806254454
1317	3065	46301	0.999956806254454
1318	3064	46301	0.999956806254454
1319	3064	46301	0.999956806254454
1320	3064	46301	0.999956806254454
1321	3063	46301	0.999956806254454
1322	3063	46301	0.999956806254454
1323	3061	46301	0.999956806254454
1324	3060	46301	0.999956806254454
1325	3059	46301	0.999956806254454
1326	3058	46301	0.999956806254454
1327	3058	46301	0.999956806254454
1328	3058	46301	0.999956806254454
1329	3057	46301	0.999956806254454
1330	3057	46301	0.999956806254454
1331	3056	46301	0.999956806254454
1332	3056	46301	0.999956806254454
1333	3056	46301	0.999956806254454
1334	3055	46301	0.999956806254454
1335	3055	46301	0.999956806254454
1336	3054	46301	0.999956806254454
1337	3054	46301	0.999956806254454
1338	3054	46301	0.999956806254454
1339	3053	46301	0.999956806254454
1340	3050	46301	0.999956806254454
1341	3049	46301	0.999956806254454
1342	3049	46301	0.999956806254454
1343	3048	46301	0.999956806254454
1344	3048	46301	0.999956806254454
1345	3048	46301	0.999956806254454
1346	3048	46301	0.999956806254454
1347	3047	46301	0.999956806254454
1348	3047	46301	0.999956806254454
1349	3047	46301	0.999956806254454
1350	3047	46301	0.999956806254454
1351	3046	46301	0.999956806254454
1352	3046	46301	0.999956806254454
1353	3046	46301	0.999956806254454
1354	3045	46301	0.999956806254454
1355	3045	46301	0.999956806254454
1356	3044	46301	0.999956806254454
1357	3044	46301	0.999956806254454
1358	3041	46301	0.999956806254454
1359	3041	46301	0.999956806254454
1360	3041	46301	0.999956806254454
1361	3041	46301	0.999956806254454
1362	3037	46301	0.999956806254454
1363	3035	46301	0.999956806254454
1364	3034	46301	0.999956806254454
1365	3033	46301	0.999956806254454
1366	3032	46301	0.999956806254454
1367	3032	46301	0.999956806254454
1368	3031	46301	0.999956806254454
1369	3029	46301	0.999956806254454
1370	3027	46301	0.999956806254454
1371	3026	46301	0.999956806254454
1372	3026	46301	0.999956806254454
1373	3026	46301	0.999956806254454
1374	3025	46302	0.999978403127227
1375	3025	46302	0.999978403127227
1376	3025	46302	0.999978403127227
1377	3024	46302	0.999978403127227
1378	3023	46302	0.999978403127227
1379	3021	46302	0.999978403127227
1380	3021	46302	0.999978403127227
1381	3021	46302	0.999978403127227
1382	3020	46302	0.999978403127227
1383	3020	46302	0.999978403127227
1384	3019	46302	0.999978403127227
1385	3019	46302	0.999978403127227
1386	3019	46302	0.999978403127227
1387	3018	46302	0.999978403127227
1388	3017	46302	0.999978403127227
1389	3016	46302	0.999978403127227
1390	3013	46302	0.999978403127227
1391	3013	46302	0.999978403127227
1392	3012	46302	0.999978403127227
1393	3011	46302	0.999978403127227
1394	3010	46302	0.999978403127227
1395	3008	46302	0.999978403127227
1396	3007	46302	0.999978403127227
1397	3007	46302	0.999978403127227
1398	3007	46302	0.999978403127227
1399	3006	46302	0.999978403127227
1400	3006	46302	0.999978403127227
1401	3005	46302	0.999978403127227
1402	3004	46302	0.999978403127227
1403	3004	46302	0.999978403127227
1404	3003	46302	0.999978403127227
1405	3003	46302	0.999978403127227
1406	3003	46302	0.999978403127227
1407	3003	46302	0.999978403127227
1408	3002	46302	0.999978403127227
1409	3001	46302	0.999978403127227
1410	3001	46302	0.999978403127227
1411	3001	46302	0.999978403127227
1412	3000	46302	0.999978403127227
1413	3000	46302	0.999978403127227
1414	3000	46302	0.999978403127227
1415	3000	46302	0.999978403127227
1416	2999	46302	0.999978403127227
1417	2999	46302	0.999978403127227
1418	2997	46302	0.999978403127227
1419	2997	46302	0.999978403127227
1420	2997	46302	0.999978403127227
1421	2997	46302	0.999978403127227
1422	2996	46302	0.999978403127227
1423	2996	46302	0.999978403127227
1424	2995	46302	0.999978403127227
1425	2995	46302	0.999978403127227
1426	2995	46302	0.999978403127227
1427	2995	46302	0.999978403127227
1428	2994	46302	0.999978403127227
1429	2994	46302	0.999978403127227
1430	2993	46302	0.999978403127227
1431	2993	46302	0.999978403127227
1432	2991	46302	0.999978403127227
1433	2989	46302	0.999978403127227
1434	2988	46302	0.999978403127227
1435	2988	46302	0.999978403127227
1436	2988	46302	0.999978403127227
1437	2988	46302	0.999978403127227
1438	2987	46302	0.999978403127227
1439	2987	46302	0.999978403127227
1440	2985	46302	0.999978403127227
1441	2985	46302	0.999978403127227
1442	2984	46302	0.999978403127227
1443	2983	46302	0.999978403127227
1444	2983	46302	0.999978403127227
1445	2983	46302	0.999978403127227
1446	2983	46302	0.999978403127227
1447	2983	46302	0.999978403127227
1448	2982	46302	0.999978403127227
1449	2982	46302	0.999978403127227
1450	2981	46302	0.999978403127227
1451	2981	46302	0.999978403127227
1452	2981	46302	0.999978403127227
1453	2980	46302	0.999978403127227
1454	2980	46302	0.999978403127227
1455	2978	46302	0.999978403127227
1456	2978	46302	0.999978403127227
1457	2977	46302	0.999978403127227
1458	2976	46302	0.999978403127227
1459	2976	46302	0.999978403127227
1460	2975	46302	0.999978403127227
1461	2974	46302	0.999978403127227
1462	2974	46302	0.999978403127227
1463	2973	46302	0.999978403127227
1464	2971	46302	0.999978403127227
1465	2971	46302	0.999978403127227
1466	2971	46302	0.999978403127227
1467	2969	46303	1
1468	2968	46303	1
1469	2968	46303	1
1470	2967	46303	1
1471	2967	46303	1
1472	2967	46303	1
1473	2966	46303	1
1474	2966	46303	1
1475	2965	46303	1
1476	2965	46303	1
1477	2965	46303	1
1478	2964	46303	1
1479	2964	46303	1
1480	2963	46303	1
1481	2963	46303	1
1482	2963	46303	1
1483	2962	46303	1
1484	2962	46303	1
1485	2962	46303	1
1486	2960	46303	1
1487	2960	46303	1
1488	2960	46303	1
1489	2960	46303	1
1490	2960	46303	1
1491	2959	46303	1
1492	2959	46303	1
1493	2959	46303	1
1494	2957	46303	1
1495	2956	46303	1
1496	2956	46303	1
1497	2956	46303	1
1498	2955	46303	1
1499	2954	46303	1
1500	2954	46303	1
1501	2954	46303	1
1502	2954	46303	1
1503	2953	46303	1
1504	2949	46303	1
1505	2949	46303	1
1506	2949	46303	1
1507	2948	46303	1
1508	2948	46303	1
1509	2947	46303	1
1510	2947	46303	1
1511	2946	46303	1
1512	2946	46303	1
1513	2946	46303	1
1514	2946	46303	1
1515	2945	46303	1
1516	2943	46303	1
1517	2943	46303	1
1518	2943	46303	1
1519	2942	46303	1
1520	2942	46303	1
1521	2941	46303	1
1522	2941	46303	1
1523	2940	46303	1
1524	2940	46303	1
1525	2939	46303	1
1526	2938	46303	1
1527	2938	46303	1
1528	2936	46303	1
1529	2936	46303	1
1530	2935	46303	1
1531	2935	46303	1
1532	2933	46303	1
1533	2933	46303	1
1534	2933	46303	1
1535	2932	46303	1
1536	2930	46303	1
1537	2930	46303	1
1538	2929	46303	1
1539	2929	46303	1
1540	2928	46303	1
1541	2928	46303	1
1542	2928	46303	1
1543	2928	46303	1
1544	2926	46303	1
1545	2926	46303	1
1546	2925	46303	1
1547	2925	46303	1
1548	2923	46303	1
1549	2923	46303	1
1550	2923	46303	1
1551	2922	46303	1
1552	2922	46303	1
1553	2922	46303	1
1554	2921	46303	1
1555	2921	46303	1
1556	2920	46303	1
1557	2920	46303	1
1558	2920	46303	1
1559	2919	46303	1
1560	2919	46303	1
1561	2919	46303	1
1562	2918	46303	1
1563	2918	46303	1
1564	2918	46303	1
1565	2917	46303	1
1566	2917	46303	1
1567	2916	46303	1
1568	2916	46303	1
1569	2915	46303	1
1570	2914	46303	1
1571	2914	46303	1
1572	2914	46303	1
1573	2913	46303	1
1574	2913	46303	1
1575	2913	46303	1
1576	2913	46303	1
1577	2913	46303	1
1578	2913	46303	1
1579	2911	46303	1
1580	2911	46303	1
1581	2911	46303	1
1582	2911	46303	1
1583	2910	46303	1
1584	2910	46303	1
1585	2909	46303	1
1586	2909	46303	1
1587	2909	46303	1
1588	2908	46303	1
1589	2908	46303	1
1590	2907	46303	1
1591	2907	46303	1
1592	2906	46303	1
1593	2906	46303	1
1594	2906	46303	1
1595	2905	46303	1
1596	2904	46303	1
1597	2904	46303	1
1598	2904	46303	1
1599	2904	46303	1
1600	2904	46303	1
1601	2903	46303	1
1602	2903	46303	1
1603	2902	46303	1
1604	2902	46303	1
1605	2902	46303	1
1606	2902	46303	1
1607	2901	46303	1
1608	2901	46303	1
1609	2901	46303	1
1610	2900	46303	1
1611	2900	46303	1
1612	2900	46303	1
1613	2900	46303	1
1614	2899	46303	1
1615	2899	46303	1
1616	2899	46303	1
1617	2898	46303	1
1618	2896	46303	1
1619	2894	46303	1
1620	2894	46303	1
1621	2894	46303	1
1622	2893	46303	1
1623	2893	46303	1
1624	2892	46303	1
1625	2892	46303	1
1626	2892	46303	1
1627	2892	46303	1
1628	2892	46303	1
1629	2891	46303	1
1630	2891	46303	1
1631	2890	46303	1
1632	2889	46303	1
1633	2889	46303	1
1634	2888	46303	1
1635	2888	46303	1
1636	2888	46303	1
1637	2887	46303	1
1638	2887	46303	1
1639	2886	46303	1
1640	2886	46303	1
1641	2886	46303	1
1642	2886	46303	1
1643	2886	46303	1
1644	2885	46303	1
1645	2885	46303	1
1646	2885	46303	1
1647	2885	46303	1
1648	2884	46303	1
1649	2884	46303	1
1650	2884	46303	1
1651	2884	46303	1
1652	2883	46303	1
1653	2883	46303	1
1654	2883	46303	1
1655	2883	46303	1
1656	2882	46303	1
1657	2882	46303	1
1658	2881	46303	1
1659	2881	46303	1
1660	2881	46303	1
1661	2880	46303	1
1662	2880	46303	1
1663	2880	46303	1
1664	2879	46303	1
1665	2878	46303	1
1666	2877	46303	1
1667	2877	46303	1
1668	2876	46303	1
1669	2876	46303	1
1670	2876	46303	1
1671	2875	46303	1
1672	2874	46303	1
1673	2874	46303	1
1674	2874	46303	1
1675	2874	46303	1
1676	2873	46303	1
1677	2873	46303	1
1678	2873	46303	1
1679	2873	46303	1
1680	2873	46303	1
1681	2872	46303	1
1682	2872	46303	1
1683	2872	46303	1
1684	2872	46303	1
1685	2872	46303	1
1686	2872	46303	1
1687	2871	46303	1
1688	2871	46303	1
1689	2870	46303	1
1690	2870	46303	1
1691	2870	46303	1
1692	2870	46303	1
1693	2869	46303	1
1694	2869	46303	1
1695	2869	46303	1
1696	2869	46303	1
1697	2868	46303	1
1698	2867	46303	1
1699	2867	46303	1
1700	2867	46303	1
1701	2867	46303	1
1702	2866	46303	1
1703	2866	46303	1
1704	2866	46303	1
1705	2865	46303	1
1706	2865	46303	1
1707	2864	46303	1
1708	2863	46303	1
1709	2862	46303	1
1710	2862	46303	1
1711	2862	46303	1
1712	2862	46303	1
1713	2861	46303	1
1714	2861	46303	1
1715	2861	46303	1
1716	2861	46303	1
1717	2861	46303	1
1718	2860	46303	1
1719	2860	46303	1
1720	2860	46303	1
1721	2859	46303	1
1722	2859	46303	1
1723	2859	46303	1
1724	2859	46303	1
1725	2859	46303	1
1726	2858	46303	1
1727	2858	46303	1
1728	2857	46303	1
1729	2857	46303	1
1730	2856	46303	1
1731	2856	46303	1
1732	2856	46303	1
1733	2856	46303	1
1734	2855	46303	1
1735	2854	46303	1
1736	2854	46303	1
1737	2853	46303	1
1738	2853	46303	1
1739	2853	46303	1
1740	2852	46303	1
1741	2851	46303	1
1742	2851	46303	1
1743	2850	46303	1
1744	2850	46303	1
1745	2850	46303	1
1746	2850	46303	1
1747	2850	46303	1
1748	2850	46303	1
1749	2849	46303	1
1750	2849	46303	1
1751	2849	46303	1
1752	2849	46303	1
1753	2849	46303	1
1754	2849	46303	1
1755	2849	46303	1
1756	2849	46303	1
1757	2848	46303	1
1758	2848	46303	1
1759	2848	46303	1
1760	2848	46303	1
1761	2847	46303	1
1762	2847	46303	1
1763	2846	46303	1
1764	2846	46303	1
1765	2846	46303	1
1766	2846	46303	1
1767	2846	46303	1
1768	2846	46303	1
1769	2845	46303	1
1770	2845	46303	1
1771	2845	46303	1
1772	2845	46303	1
1773	2845	46303	1
1774	2845	46303	1
1775	2845	46303	1
1776	2844	46303	1
1777	2844	46303	1
1778	2844	46303	1
1779	2844	46303	1
1780	2844	46303	1
1781	2843	46303	1
1782	2843	46303	1
1783	2843	46303	1
1784	2842	46303	1
1785	2842	46303	1
1786	2841	46303	1
1787	2841	46303	1
1788	2841	46303	1
1789	2841	46303	1
1790	2840	46303	1
1791	2840	46303	1
1792	2840	46303	1
1793	2840	46303	1
1794	2839	46303	1
1795	2838	46303	1
1796	2838	46303	1
1797	2838	46303	1
1798	2838	46303	1
1799	2837	46303	1
1800	2837	46303	1
1801	2837	46303	1
1802	2837	46303	1
1803	2837	46303	1
1804	2837	46303	1
1805	2836	46303	1
1806	2836	46303	1
1807	2836	46303	1
1808	2835	46303	1
1809	2834	46303	1
1810	2834	46303	1
1811	2834	46303	1
1812	2834	46303	1
1813	2834	46303	1
1814	2834	46303	1
1815	2833	46303	1
1816	2833	46303	1
1817	2833	46303	1
1818	2833	46303	1
1819	2833	46303	1
1820	2833	46303	1
1821	2832	46303	1
1822	2832	46303	1
1823	2832	46303	1
1824	2832	46303	1
1825	2832	46303	1
1826	2832	46303	1
1827	2832	46303	1
1828	2832	46303	1
1829	2832	46303	1
1830	2831	46303	1
1831	2831	46303	1
1832	2831	46303	1
1833	2830	46303	1
1834	2830	46303	1
1835	2830	46303	1
1836	2830	46303	1
1837	2830	46303	1
1838	2830	46303	1
1839	2829	46303	1
1840	2829	46303	1
1841	2829	46303	1
1842	2828	46303	1
1843	2828	46303	1
1844	2828	46303	1
1845	2828	46303	1
1846	2828	46303	1
1847	2828	46303	1
1848	2828	46303	1
1849	2827	46303	1
1850	2827	46303	1
1851	2827	46303	1
1852	2827	46303	1
1853	2826	46303	1
1854	2826	46303	1
1855	2826	46303	1
1856	2826	46303	1
1857	2826	46303	1
1858	2825	46303	1
1859	2825	46303	1
1860	2825	46303	1
1861	2824	46303	1
1862	2824	46303	1
1863	2823	46303	1
1864	2823	46303	1
1865	2823	46303	1
1866	2823	46303	1
1867	2823	46303	1
1868	2822	46303	1
1869	2822	46303	1
1870	2822	46303	1
1871	2822	46303	1
1872	2822	46303	1
1873	2822	46303	1
1874	2821	46303	1
1875	2821	46303	1
1876	2821	46303	1
1877	2821	46303	1
1878	2821	46303	1
1879	2821	46303	1
1880	2821	46303	1
1881	2820	46303	1
1882	2820	46303	1
1883	2820	46303	1
1884	2820	46303	1
1885	2819	46303	1
1886	2819	46303	1
1887	2819	46303	1
1888	2819	46303	1
1889	2819	46303	1
1890	2819	46303	1
1891	2818	46303	1
1892	2818	46303	1
1893	2818	46303	1
1894	2818	46303	1
1895	2818	46303	1
1896	2818	46303	1
1897	2818	46303	1
1898	2817	46303	1
1899	2817	46303	1
1900	2817	46303	1
1901	2817	46303	1
1902	2817	46303	1
1903	2817	46303	1
1904	2816	46303	1
1905	2815	46303	1
1906	2815	46303	1
1907	2815	46303	1
1908	2815	46303	1
1909	2815	46303	1
1910	2815	46303	1
1911	2815	46303	1
1912	2814	46303	1
1913	2814	46303	1
1914	2814	46303	1
1915	2814	46303	1
1916	2814	46303	1
1917	2814	46303	1
1918	2814	46303	1
1919	2814	46303	1
1920	2813	46303	1
1921	2813	46303	1
1922	2813	46303	1
1923	2813	46303	1
1924	2813	46303	1
1925	2813	46303	1
1926	2813	46303	1
1927	2813	46303	1
1928	2813	46303	1
1929	2813	46303	1
1930	2812	46303	1
1931	2812	46303	1
1932	2811	46303	1
1933	2811	46303	1
1934	2811	46303	1
1935	2811	46303	1
1936	2811	46303	1
1937	2810	46303	1
1938	2810	46303	1
1939	2810	46303	1
1940	2810	46303	1
1941	2810	46303	1
1942	2810	46303	1
1943	2810	46303	1
1944	2810	46303	1
1945	2809	46303	1
1946	2809	46303	1
1947	2809	46303	1
1948	2809	46303	1
1949	2809	46303	1
1950	2809	46303	1
1951	2809	46303	1
1952	2809	46303	1
1953	2809	46303	1
1954	2809	46303	1
1955	2808	46303	1
1956	2808	46303	1
1957	2808	46303	1
1958	2807	46303	1
1959	2807	46303	1
1960	2807	46303	1
1961	2807	46303	1
1962	2807	46303	1
1963	2806	46303	1
1964	2806	46303	1
1965	2806	46303	1
1966	2806	46303	1
1967	2806	46303	1
1968	2806	46303	1
1969	2806	46303	1
1970	2806	46303	1
1971	2805	46303	1
1972	2805	46303	1
1973	2805	46303	1
1974	2805	46303	1
1975	2805	46303	1
1976	2805	46303	1
1977	2805	46303	1
1978	2805	46303	1
1979	2805	46303	1
1980	2805	46303	1
1981	2804	46303	1
1982	2804	46303	1
1983	2804	46303	1
1984	2804	46303	1
1985	2804	46303	1
1986	2804	46303	1
1987	2804	46303	1
1988	2804	46303	1
1989	2804	46303	1
1990	2804	46303	1
1991	2803	46303	1
1992	2803	46303	1
1993	2803	46303	1
1994	2803	46303	1
1995	2803	46303	1
1996	2803	46303	1
1997	2803	46303	1
1998	2803	46303	1
1999	2803	46303	1
2000	2803	46303	1
2001	2803	46303	1
2002	2803	46303	1
2003	2803	46303	1
2004	2803	46303	1
2005	2803	46303	1
2006	2802	46303	1
2007	2802	46303	1
2008	2802	46303	1
2009	2802	46303	1
2010	2802	46303	1
2011	2802	46303	1
2012	2802	46303	1
2013	2802	46303	1
2014	2802	46303	1
2015	2802	46303	1
2016	2802	46303	1
2017	2802	46303	1
2018	2802	46303	1
2019	2801	46303	1
2020	2801	46303	1
2021	2801	46303	1
2022	2801	46303	1
2023	2801	46303	1
2024	2801	46303	1
2025	2801	46303	1
2026	2801	46303	1
2027	2801	46303	1
2028	2801	46303	1
2029	2800	46303	1
2030	2800	46303	1
2031	2800	46303	1
2032	2800	46303	1
2033	2800	46303	1
2034	2800	46303	1
2035	2800	46303	1
2036	2800	46303	1
2037	2800	46303	1
2038	2800	46303	1
2039	2800	46303	1
2040	2800	46303	1
2041	2800	46303	1
2042	2800	46303	1
2043	2800	46303	1
2044	2799	46303	1
2045	2799	46303	1
2046	2799	46303	1
2047	2799	46303	1
2048	2799	46303	1
2049	2799	46303	1
2050	2799	46303	1
2051	2799	46303	1
2052	2799	46303	1
2053	2799	46303	1
2054	2799	46303	1
2055	2799	46303	1
2056	2799	46303	1
2057	2799	46303	1
2058	2798	46303	1
2059	2798	46303	1
2060	2798	46303	1
2061	2798	46303	1
2062	2798	46303	1
2063	2798	46303	1
2064	2798	46303	1
2065	2798	46303	1
2066	2798	46303	1
2067	2798	46303	1
2068	2798	46303	1
2069	2798	46303	1
2070	2797	46303	1
2071	2797	46303	1
2072	2797	46303	1
2073	2797	46303	1
2074	2797	46303	1
2075	2797	46303	1
2076	2797	46303	1
2077	2797	46303	1
2078	2797	46303	1
2079	2797	46303	1
2080	2796	46303	1
2081	2796	46303	1
2082	2796	46303	1
2083	2796	46303	1
2084	2796	46303	1
2085	2796	46303	1
2086	2796	46303	1
2087	2795	46303	1
2088	2795	46303	1
2089	2795	46303	1
2090	2795	46303	1
2091	2795	46303	1
2092	2795	46303	1
2093	2795	46303	1
2094	2795	46303	1
2095	2794	46303	1
2096	2794	46303	1
2097	2794	46303	1
2098	2794	46303	1
2099	2794	46303	1
2100	2794	46303	1
2101	2794	46303	1
2102	2794	46303	1
2103	2794	46303	1
2104	2794	46303	1
2105	2793	46303	1
2106	2793	46303	1
2107	2793	46303	1
2108	2793	46303	1
2109	2793	46303	1
2110	2793	46303	1
2111	2793	46303	1
2112	2793	46303	1
2113	2793	46303	1
2114	2793	46303	1
2115	2792	46303	1
2116	2792	46303	1
2117	2792	46303	1
2118	2792	46303	1
2119	2792	46303	1
2120	2792	46303	1
2121	2792	46303	1
2122	2791	46303	1
2123	2791	46303	1
2124	2791	46303	1
2125	2791	46303	1
2126	2791	46303	1
2127	2791	46303	1
2128	2791	46303	1
2129	2791	46303	1
2130	2791	46303	1
2131	2791	46303	1
2132	2791	46303	1
2133	2791	46303	1
2134	2791	46303	1
2135	2790	46303	1
2136	2790	46303	1
2137	2790	46303	1
2138	2790	46303	1
2139	2790	46303	1
2140	2790	46303	1
2141	2790	46303	1
2142	2790	46303	1
2143	2790	46303	1
2144	2790	46303	1
2145	2790	46303	1
2146	2790	46303	1
2147	2789	46303	1
2148	2789	46303	1
2149	2789	46303	1
2150	2789	46303	1
2151	2789	46303	1
2152	2789	46303	1
2153	2789	46303	1
2154	2789	46303	1
2155	2788	46303	1
2156	2788	46303	1
2157	2788	46303	1
2158	2788	46303	1
2159	2788	46303	1
2160	2788	46303	1
2161	2788	46303	1
2162	2788	46303	1
2163	2788	46303	1
2164	2788	46303	1
2165	2788	46303	1
2166	2788	46303	1
2167	2788	46303	1
2168	2788	46303	1
2169	2788	46303	1
2170	2788	46303	1
2171	2788	46303	1
2172	2788	46303	1
2173	2787	46303	1
2174	2787	46303	1
2175	2787	46303	1
2176	2787	46303	1
2177	2787	46303	1
2178	2787	46303	1
2179	2787	46303	1
2180	2787	46303	1
2181	2787	46303	1
2182	2787	46303	1
2183	2787	46303	1
2184	2786	46303	1
2185	2786	46303	1
2186	2786	46303	1
2187	2786	46303	1
2188	2786	46303	1
2189	2786	46303	1
2190	2786	46303	1
2191	2786	46303	1
2192	2786	46303	1
2193	2786	46303	1
2194	2785	46303	1
2195	2785	46303	1
2196	2785	46303	1
2197	2785	46303	1
2198	2785	46303	1
2199	2785	46303	1
2200	2785	46303	1
2201	2785	46303	1
2202	2785	46303	1
2203	2785	46303	1
2204	2785	46303	1
2205	2785	46303	1
2206	2784	46303	1
2207	2784	46303	1
2208	2784	46303	1
2209	2784	46303	1
2210	2784	46303	1
2211	2784	46303	1
2212	2784	46303	1
2213	2784	46303	1
2214	2784	46303	1
2215	2784	46303	1
2216	2784	46303	1
2217	2784	46303	1
2218	2783	46303	1
2219	2783	46303	1
2220	2783	46303	1
2221	2783	46303	1
2222	2783	46303	1
2223	2783	46303	1
2224	2783	46303	1
2225	2783	46303	1
2226	2783	46303	1
2227	2783	46303	1
2228	2782	46303	1
2229	2782	46303	1
2230	2782	46303	1
2231	2782	46303	1
2232	2782	46303	1
2233	2782	46303	1
2234	2782	46303	1
2235	2782	46303	1
2236	2781	46303	1
2237	2781	46303	1
2238	2781	46303	1
2239	2781	46303	1
2240	2781	46303	1
2241	2781	46303	1
2242	2780	46303	1
2243	2780	46303	1
2244	2780	46303	1
2245	2780	46303	1
2246	2780	46303	1
2247	2780	46303	1
2248	2780	46303	1
2249	2780	46303	1
2250	2780	46303	1
2251	2780	46303	1
2252	2779	46303	1
2253	2779	46303	1
2254	2779	46303	1
2255	2779	46303	1
2256	2779	46303	1
2257	2779	46303	1
2258	2779	46303	1
2259	2779	46303	1
2260	2779	46303	1
2261	2778	46303	1
2262	2778	46303	1
2263	2778	46303	1
2264	2778	46303	1
2265	2778	46303	1
2266	2778	46303	1
2267	2778	46303	1
2268	2778	46303	1
2269	2778	46303	1
2270	2778	46303	1
2271	2777	46303	1
2272	2777	46303	1
2273	2777	46303	1
2274	2777	46303	1
2275	2777	46303	1
2276	2777	46303	1
2277	2776	46303	1
2278	2776	46303	1
2279	2776	46303	1
2280	2776	46303	1
2281	2776	46303	1
2282	2776	46303	1
2283	2776	46303	1
2284	2776	46303	1
2285	2775	46303	1
2286	2775	46303	1
2287	2775	46303	1
2288	2775	46303	1
2289	2774	46303	1
2290	2774	46303	1
2291	2774	46303	1
2292	2774	46303	1
2293	2774	46303	1
2294	2774	46303	1
2295	2773	46303	1
2296	2773	46303	1
2297	2773	46303	1
2298	2773	46303	1
2299	2773	46303	1
2300	2773	46303	1
2301	2773	46303	1
2302	2773	46303	1
2303	2773	46303	1
2304	2773	46303	1
2305	2773	46303	1
2306	2772	46303	1
2307	2772	46303	1
2308	2772	46303	1
2309	2772	46303	1
2310	2772	46303	1
2311	2772	46303	1
2312	2772	46303	1
2313	2772	46303	1
2314	2771	46303	1
2315	2771	46303	1
2316	2771	46303	1
2317	2771	46303	1
2318	2771	46303	1
2319	2771	46303	1
2320	2770	46303	1
2321	2770	46303	1
2322	2770	46303	1
2323	2770	46303	1
2324	2770	46303	1
2325	2769	46303	1
2326	2769	46303	1
2327	2769	46303	1
2328	2769	46303	1
2329	2768	46303	1
2330	2768	46303	1
2331	2768	46303	1
2332	2768	46303	1
2333	2768	46303	1
2334	2768	46303	1
2335	2768	46303	1
2336	2768	46303	1
2337	2768	46303	1
2338	2767	46303	1
2339	2767	46303	1
2340	2767	46303	1
2341	2767	46303	1
2342	2766	46303	1
2343	2766	46303	1
2344	2766	46303	1
2345	2765	46303	1
2346	2765	46303	1
2347	2765	46303	1
2348	2765	46303	1
2349	2765	46303	1
2350	2765	46303	1
2351	2764	46303	1
2352	2764	46303	1
2353	2764	46303	1
2354	2764	46303	1
2355	2763	46303	1
2356	2762	46303	1
2357	2762	46303	1
2358	2762	46303	1
2359	2762	46303	1
2360	2761	46303	1
2361	2761	46303	1
2362	2761	46303	1
2363	2761	46303	1
2364	2760	46303	1
2365	2760	46303	1
2366	2760	46303	1
2367	2760	46303	1
2368	2759	46303	1
2369	2759	46303	1
2370	2759	46303	1
2371	2759	46303	1
2372	2758	46303	1
2373	2758	46303	1
2374	2757	46303	1
2375	2757	46303	1
2376	2757	46303	1
2377	2757	46303	1
2378	2756	46303	1
2379	2756	46303	1
2380	2755	46303	1
2381	2755	46303	1
2382	2754	46303	1
2383	2753	46303	1
2384	2753	46303	1
2385	2753	46303	1
2386	2753	46303	1
2387	2753	46303	1
2388	2752	46303	1
2389	2752	46303	1
2390	2752	46303	1
2391	2751	46303	1
2392	2750	46303	1
2393	2750	46303	1
2394	2748	46303	1
2395	2748	46303	1
2396	2747	46303	1
2397	2746	46303	1
2398	2744	46303	1
2399	2741	46303	1
2400	2741	46303	1
2401	2738	46303	1
2402	2721	46303	1
2403	2721	46303	1
2404	2717	46303	1
2405	2716	46303	1
2406	2695	46303	1
2407	2693	46303	1
2408	2687	46303	1
2409	2679	46303	1
2410	2677	46303	1
2411	2670	46303	1
2412	2663	46303	1
2413	2610	46303	1
2414	2596	46303	1
2415	2594	46303	1
2416	2583	46303	1
2417	2561	46303	1
2418	2538	46303	1
2419	2529	46303	1
2420	2529	46303	1
2421	2516	46303	1
2422	2513	46303	1
2423	2511	46303	1
2424	2480	46303	1
2425	2471	46303	1
2426	2428	46303	1
2427	2403	46303	1
2428	2396	46303	1
2429	2391	46303	1
2430	2376	46303	1
2431	2356	46303	1
2432	2353	46303	1
2433	2326	46303	1
2434	2326	46303	1
2435	2320	46303	1
2436	2256	46303	1
2437	2256	46303	1
2438	2225	46303	1
2439	2196	46303	1
2440	2137	46303	1
2441	2136	46303	1
2442	2118	46303	1
2443	2103	46303	1
2444	2067	46303	1
2445	2054	46303	1
2446	2038	46303	1
2447	1930	46303	1
2448	1699	46303	1
2449	1674	46303	1
2450	1622	46303	1
2451	1548	46303	1
2452	1240	46303	1
2453	738	46303	1
2454	733	46303	1
2455	327	46303	1
