sample	gca	fragment_num	mapped_fragment_num	mapped_ref_bases	BreakPoint	cov	snp	indel	signal_ratio	totalBases	adjust_mapped_fragment_num	adjust_mapped_ref_bases	adjust_signal_ratio	adjusted_cov
rand.80	GCA_002889555	212	1	11268	0	100.0000	463	0	11.2785	99907	1	11834	11.8450158647542	100
rand.12	GCA_002889555	169	1	11268	0	100.0000	461	0	14.4260	78109	1	11901	15.236400414805	100
rand.64	GCA_002889555	152	1	11268	0	100.0000	461	0	14.8680	75787	1	11841	15.6240516183514	100
rand.26	GCA_002889555	209	1	11268	0	100.0000	460	0	11.7796	95657	1	11858	12.396374546557	100
rand.76	GCA_002889555	212	1	11268	0	100.0000	462	0	11.1097	101425	1	11839	11.6726645304412	100
rand.52	GCA_002889555	38	1	11268	0	100.0000	460	0	41.5885	27094	1	11931	44.0355798331734	100
rand.96	GCA_002889555	282	1	11268	0	100.0000	459	0	9.0627	124334	1	11832	9.51630286164685	100
rand.27	GCA_002889555	132	1	11268	0	100.0000	460	0	16.6097	67840	1	11902	17.5442216981132	100
rand.99	GCA_002889555	138	1	11268	0	100.0000	462	0	16.0447	70229	1	11870	16.9018496632445	100
rand.4	GCA_002889555	182	1	11268	0	100.0000	461	0	12.9232	87192	1	11841	13.5803743462703	100
rand.6	GCA_002889555	107	1	11268	0	100.0000	459	0	20.7030	54427	1	11885	21.8365884579345	100
rand.54	GCA_002889555	180	1	11268	0	100.0000	459	0	13.0971	86034	1	11833	13.7538647511449	100
rand.33	GCA_002889555	148	1	11268	0	100.0000	461	0	15.1342	74454	1	11874	15.9481021838988	100
rand.67	GCA_002889555	216	1	11268	0	100.0000	461	0	11.4785	98166	1	11841	12.0622211356274	100
rand.70	GCA_002889555	183	1	11268	0	100.0000	461	0	13.5472	83176	1	11846	14.2420890641531	100
rand.23	GCA_002889555	163	1	11268	0	100.0000	461	0	14.9819	75211	1	11834	15.7344005531106	100
rand.22	GCA_002889555	167	1	11268	0	100.0000	460	0	14.5747	77312	1	11848	15.324917218543	100
rand.98	GCA_002889555	216	1	11268	0	100.0000	461	0	11.1460	101095	1	11840	11.711756268856	100
rand.37	GCA_002889555	132	1	11268	0	100.0000	460	0	16.4178	68633	1	11901	17.3400550755467	100
rand.92	GCA_002889555	127	1	11268	0	100.0000	462	0	17.3551	64926	1	11832	18.2238240458368	100
rand.24	GCA_002889555	188	1	11268	0	100.0000	460	0	12.5479	89800	1	11860	13.2071269487751	100
rand.66	GCA_002889555	211	1	11268	0	100.0000	461	0	11.2670	100009	1	11845	11.8439340459359	100
rand.87	GCA_002889555	47	1	11268	0	100.0000	460	0	38.1681	29522	1	11940	40.4444143350721	100
rand.39	GCA_002889555	86	1	11268	0	100.0000	462	0	23.4711	48008	1	11878	24.7417097150475	100
rand.63	GCA_002889555	76	1	11268	0	100.0000	460	0	27.4414	41062	1	11890	28.9562125566217	100
rand.83	GCA_002889555	161	1	11268	0	100.0000	460	0	13.8017	81642	1	11804	14.4582445310012	100
rand.72	GCA_002889555	153	1	11268	0	100.0000	460	0	15.0670	74786	1	11873	15.8759660899099	100
rand.13	GCA_002889555	222	1	11268	0	100.0000	460	0	11.1324	101218	1	11856	11.713331620858	100
rand.11	GCA_002889555	66	1	11268	0	100.0000	460	0	29.1170	38699	1	11939	30.8509263805266	100
rand.29	GCA_002889555	263	1	11268	0	100.0000	462	0	9.3064	121078	1	11866	9.80029402533904	100
rand.2	GCA_002889555	128	1	11268	0	100.0000	461	0	17.7692	63413	1	11843	18.6759812656711	100
rand.1	GCA_002889555	140	1	11268	0	100.0000	460	0	16.4761	68390	1	11901	17.401666910367	100
rand.82	GCA_002889555	252	1	11268	0	100.0000	460	0	10.2128	110332	1	11966	10.8454482833629	100
rand.86	GCA_002889555	169	1	11268	0	100.0000	460	0	14.1247	79775	1	11951	14.9808837355061	100
rand.41	GCA_002889555	101	1	11268	2	100.0000	461	0	22.3884	50888	1	11967	23.5163496305612	100
rand.3	GCA_002889555	87	1	11268	0	100.0000	459	0	24.8659	45315	1	11832	26.1105594174115	100
rand.53	GCA_002889555	117	1	11268	0	100.0000	460	0	20.1625	55886	1	11837	21.1806176860037	100
rand.40	GCA_002889555	101	1	11268	0	100.0000	459	0	20.8601	54017	1	11863	21.9616046800081	100
rand.69	GCA_002889555	112	1	11268	0	100.0000	461	0	19.1174	58941	1	11910	20.2066473252914	100
rand.58	GCA_002889555	115	1	11268	0	100.0000	461	0	18.5558	60725	1	11841	19.4993824619185	100
rand.50	GCA_002889555	130	1	11268	0	100.0000	460	0	17.5222	64307	1	11947	18.5780708165519	100
rand.7	GCA_002889555	51	1	11268	0	100.0000	460	0	34.2722	32878	1	11865	36.0879615548391	100
rand.48	GCA_002889555	171	1	11268	0	100.0000	461	0	14.3662	78434	1	11841	15.0967692582299	100
rand.94	GCA_002889555	244	1	11268	0	100.0000	459	0	10.1794	110694	1	11832	10.6889262290639	100
rand.25	GCA_002889555	296	1	11268	0	100.0000	461	0	8.5944	131109	1	11901	9.07718005628904	100
rand.84	GCA_002889555	80	1	11268	0	100.0000	460	0	27.2787	41307	1	11939	28.9030914857046	100
rand.43	GCA_002889555	114	1	11268	0	100.0000	460	0	18.7531	60086	1	11881	19.7733249009753	100
rand.51	GCA_002889555	175	1	11268	0	100.0000	461	0	13.6618	82478	1	11901	14.4293023594171	100
rand.47	GCA_002889555	198	1	11268	0	100.0000	461	0	12.2629	91887	1	11852	12.8984513587341	100
rand.46	GCA_002889555	155	1	11268	0	100.0000	461	0	15.3040	73628	1	11914	16.1813440538925	100
rand.68	GCA_002889555	169	1	11268	0	100.0000	460	0	13.9221	80936	1	11900	14.7029751902738	100
rand.91	GCA_002889555	336	1	11268	0	100.0000	462	0	7.8228	144041	1	11848	8.22543581341424	100
rand.62	GCA_002889555	129	1	11268	0	100.0000	460	0	16.7462	67287	1	11822	17.5695156568134	100
rand.93	GCA_002889555	143	1	11268	0	100.0000	461	0	16.0191	70341	1	11841	16.8337100695185	100
rand.95	GCA_002889555	128	1	11268	0	100.0000	460	0	18.2301	61810	2	12121	19.6100954538101	100
rand.75	GCA_002889555	64	1	11268	0	100.0000	460	0	30.6104	36811	1	11902	32.3327266306267	100
rand.42	GCA_002889555	103	1	11268	0	100.0000	461	0	19.8164	56862	1	11841	20.8241004537301	100
rand.78	GCA_002889555	329	1	11268	0	100.0000	457	2	7.8008	144434	1	11899	8.23836492792556	100
rand.30	GCA_002889555	157	1	11268	0	100.0000	461	0	14.8821	75715	1	11848	15.6481542626956	100
rand.35	GCA_002889555	133	1	11268	0	100.0000	460	0	15.8930	70899	1	11876	16.7505888658514	100
rand.14	GCA_002889555	77	1	11268	0	100.0000	460	0	26.5279	42476	1	11820	27.8274790469912	100
rand.44	GCA_002889555	118	1	11268	0	100.0000	461	0	17.9236	62867	1	11860	18.8652234081474	100
rand.71	GCA_002889555	132	1	11268	0	100.0000	460	0	16.8531	66860	1	11881	17.7699670954233	100
rand.20	GCA_002889555	168	1	11268	0	100.0000	461	0	14.8345	75958	1	11830	15.5743963769452	100
rand.90	GCA_002889555	134	1	11268	0	100.0000	461	0	17.4109	64718	1	11841	18.2963008745635	100
rand.8	GCA_002889555	105	1	11268	0	100.0000	460	0	20.8485	54047	1	11884	21.9882694691657	100
rand.55	GCA_002889555	134	1	11268	0	100.0000	460	0	17.2857	65187	1	11824	18.1385859143694	100
rand.28	GCA_002889555	130	1	11268	0	100.0000	462	0	16.3271	69014	1	11834	17.147245486423	100
rand.59	GCA_002889555	104	1	11268	0	100.0000	460	0	19.8303	56822	1	11939	21.0112280454753	100
rand.19	GCA_002889555	59	1	11268	0	100.0000	460	0	32.0450	35163	1	11953	33.9931177658334	100
rand.89	GCA_002889555	220	2	11268	2	100.0000	460	0	11.8428	97815	2	12277	12.5512446966212	100
rand.16	GCA_002889555	111	1	11268	2	100.0000	461	0	19.7312	57741	1	11945	20.687206664242	100
rand.74	GCA_002889555	162	1	11268	0	100.0000	460	0	14.1814	79456	1	11935	15.0208920660491	100
rand.73	GCA_002889555	151	1	11268	0	100.0000	460	0	15.1275	74487	1	11820	15.8685408192033	100
rand.56	GCA_002889555	108	1	11268	0	100.0000	459	0	20.3188	55456	1	11863	21.3917339873053	100
rand.88	GCA_002889555	95	1	11268	0	100.0000	459	0	20.7289	54359	1	11883	21.8602255376295	100
rand.21	GCA_002889555	162	1	11268	0	100.0000	461	0	13.4076	84042	1	11844	14.0929535232384	100
rand.81	GCA_002889555	126	1	11268	0	100.0000	460	0	17.5110	64348	1	11881	18.4636663144154	100
rand.5	GCA_002889555	150	1	11268	0	100.0000	460	0	15.2096	74085	1	11842	15.9843423095093	100
rand.32	GCA_002889555	169	1	11268	0	100.0000	461	0	13.9885	80552	1	11848	14.7085112722217	100
rand.85	GCA_002889555	155	1	11268	0	100.0000	459	0	14.4131	78179	1	11833	15.1357781501426	100
rand.60	GCA_002889555	57	1	11268	0	100.0000	460	0	33.5018	33634	1	11945	35.5146577867634	100
rand.77	GCA_002889555	39	1	11268	0	100.0000	460	0	42.2989	26639	1	11939	44.8177484139795	100
rand.100	GCA_002889555	113	1	11268	0	100.0000	461	0	19.6214	57427	1	11841	20.6192209239556	100
rand.79	GCA_002889555	155	1	11268	2	100.0000	461	0	14.7666	77154	1	11945	15.4820229670529	100
rand.17	GCA_002889555	140	1	11268	0	100.0000	460	0	17.2010	65508	1	11876	18.1290834707211	100
rand.18	GCA_002889555	149	1	11268	0	100.0000	460	0	14.6072	77140	1	11849	15.3603837179155	100
rand.65	GCA_002889555	193	1	11268	0	100.0000	461	0	12.4794	90293	1	11841	13.1139733977163	100
rand.38	GCA_002889555	175	1	11268	0	100.0000	462	0	13.0930	86061	1	11869	13.7913805324131	100
rand.36	GCA_002889555	185	1	11268	0	100.0000	461	0	13.0442	86383	1	11851	13.7191345519373	100
rand.49	GCA_002889555	195	1	11224	1	99.6095	461	0	11.9210	94153	1	11761	12.4913704289826	100
rand.10	GCA_002889555	141	1	11268	0	100.0000	460	0	16.8124	67022	1	11881	17.7270150099967	100
rand.9	GCA_002889555	156	1	11268	0	100.0000	461	0	15.3620	73350	2	12712	17.3306066802999	100
rand.61	GCA_002889555	116	1	11268	0	100.0000	461	0	19.4871	57823	1	11841	20.4780104802587	100
rand.15	GCA_002889555	138	1	11268	0	100.0000	464	0	15.7797	71408	1	11843	16.5849764732243	100
rand.34	GCA_002889555	83	1	11268	0	100.0000	460	0	26.1791	43042	1	11837	27.5010454904512	100
rand.57	GCA_002889555	156	1	11268	0	100.0000	462	0	14.5382	77506	1	11829	15.2620442288339	100
rand.97	GCA_002889555	73	1	11268	0	100.0000	460	0	27.7537	40600	1	11820	29.1133004926108	100
rand.45	GCA_002889555	227	1	11268	0	100.0000	461	0	10.8038	104297	1	11901	11.4106829534886	100
rand.31	GCA_002889555	128	1	11268	0	100.0000	460	0	17.7524	63473	1	11888	18.7292234493407	100
