sample	n_reads	n_SARS-cov-2	n_closest_Bat	n_SARS-cov-1	OtherCorona	OtherNonCoronaVirus	ExpectedMissingRatio_without_SARS_cov_2	ExpectedMissingRatio_if_without_Closet_Bat	OtherVirusNCBI
E218YF0257.R	130110	126354	34981	21842	7436	0	0.668857120897702	0.818330643301821	NA
ZDH23053100102R	9	9	5	2	2	0	0.444444444444444	0.777777777777778	NA
M117RE0246.R	1116	1079	221	86	45	0	0.756272401433692	0.901433691756272	NA
E218YF0152.R	294412	286895	62480	24616	15551	2	0.748118283222151	0.886475415404263	NC_001451.1,1
ZZMAX83650.1R.1L.UDB.169	2275	2189	521	269	132	0	0.725714285714286	0.850989010989011	NA
M118HM0322.R	1	0	0	0	0	0	1	1	NA
PB23660369.8D6AXX1LXF1.N002KX2P	914	912	225	105	33	0	0.708971553610503	0.863238512035011	NA
X22JS062980	1525	1453	306	129	62	0	0.752786885245902	0.893114754098361	NA
M118YJ0170.R	151	147	31	12	2	0	0.768211920529801	0.920529801324503	NA
ZDH23062200081R	1879973	1874216	630325	283359	123437	5	0.609837481708514	0.8208197670924	NC_003436.1,1
CF234U0105.8D6AXX1ZXF1.N002J019	137573	137283	28760	10485	5397	2	0.753825241871588	0.902211916582469	AC_000192.1,1
SRR12720848	50777	50777	31807	12536	9189	0	0.281505405990901	0.671938082202572	NA
ZDH23061100011R	11077	11026	3646	1585	732	0	0.620113749210075	0.83127200505552	NA
SRR12720821	185	182	63	23	18	0	0.594594594594595	0.810810810810811	NA
MDL001.Q24C22520006L.RNA.D11.20221223	1238	1203	225	93	59	0	0.761712439418417	0.89983844911147	NA
ZZ22JS021585.1R.1L.UDB.181	86354	84011	18701	7931	4485	0	0.743428214095467	0.876195659726243	NA
ZZ22JS052116.1R.1L.UDB.110	7424	7152	1467	608	243	0	0.760371767241379	0.902478448275862	NA
MDL001.Q24C23030015L.RNA.C19.20230113	1325	1304	272	83	45	0	0.759245283018868	0.91622641509434	NA
M118HM0325.R	21	21	4	3	0	0	0.666666666666667	0.857142857142857	NA
ZZ22JS062765.AD.1R.1L.UDB.191	4	4	1	1	0	0	0.75	0.75	NA
SRR12720825	460806	458705	188416	75927	41863	9	0.537692651571377	0.796749608295031	AC_000192.1,2
ZDH23060600022R	87672	87399	28359	11282	5699	2	0.625285153754905	0.842709188794598	AC_000192.1,1
X21JS942954	22	19	8	1	1	0	0.636363636363636	0.909090909090909	NA
M118HM0160.R	11	9	3	0	2	2	0.545454545454545	0.818181818181818	NC_001451.1,2
E218YJ0353.R	331862	320637	70457	31516	13848	0	0.745122972801948	0.88465084884681	NA
ZZ24JS08815.AD.1R.1L.UDB.165	6	5	0	0	0	0	1	1	NA
CF231F0200.8B6AXX1KXF1.N002J019	8398	8384	1815	712	402	0	0.742081447963801	0.890569183138843	NA
ZDH23063000082R	1	1	1	0	0	0	0	1	NA
ZDH230401031R	2	2	2	2	2	0	0	0	NA
ZZMAX127430.1R.1L.UDB.179	1583781	1536672	329063	137221	81177	0	0.753578304071081	0.880839585776064	NA
S218YF0405.R	23	23	8	0	1	0	0.652173913043478	0.956521739130435	NA
ZZ22JS047632.1R.1L.UDB.142	12238	11827	2661	1101	604	0	0.746935773819251	0.878738355940513	NA
MDL001.Q24C23090080L.RNA.D27.20230225	102	101	23	8	5	0	0.735294117647059	0.892156862745098	NA
E218HM0175.R	15	15	5	3	2	0	0.666666666666667	0.8	NA
CF23620301.8D6AXX1LXF1.N002J019	2537	2531	638	306	119	0	0.707134410721324	0.862041781631849	NA
E218YF0488.R	28055	27303	5906	2533	1436	0	0.744430582783817	0.881447157369453	NA
N217RE0120.R	17573	17031	3886	1869	773	0	0.731519945370739	0.873726739885051	NA
N117RN0117.R	6920	6604	1199	546	329	0	0.788872832369942	0.896242774566474	NA
CF236C0325.8D6AXX1LXF1.N002J019	7311	7303	1587	584	303	0	0.742990015045821	0.89632061277527	NA
CF231K0254.8B6AXX1PXF1.N002J019	100420	100184	21341	7850	4122	2	0.747988448516232	0.899681338378809	NC_001451.1,1
CF23660320.8D6AXX1LXF1.N002J019	53401	53284	11377	4233	2258	0	0.747963521282373	0.897530008801333	NA
MDL001.Q11C23030029L.RNA.B19.20230110	2034	1978	362	117	72	0	0.787610619469027	0.920845624385447	NA
X21JS942944	1587366	1548917	417870	204345	82498	1	0.690406623299227	0.849407761033057	NC_001846.1,1
ZDH230101721R	86586	86293	28251	10991	5507	0	0.618529554431432	0.843392696278844	NA
SRR12720797	86220	86218	52156	18945	11796	1448	0.303583855254001	0.700139178844816	NC_028824.1,2
S118HM0188.R	3091	3075	1131	502	323	0	0.582982853445487	0.797153024911032	NA
CF23600154.8D6AXX1LXF1.N002J019	6380	6366	1433	560	268	0	0.737617554858934	0.89012539184953	NA
CF230K0227.8D6BXX1PXF1.N002JQ84	1246	1241	292	106	56	0	0.726324237560193	0.889245585874799	NA
M118HM0273.R	16	16	1	1	0	0	0.875	0.9375	NA
SRR12720826	1423	1420	572	197	121	0	0.544624033731553	0.821503865073788	NA
SRR12720849	39212	39139	15877	6376	3987	0	0.53233703968173	0.7894522085076	NA
ZZ22JS052085.AD.1R.1L.UDB.164	2728492	2614797	518855	201595	90425	3	0.77130884019451	0.907124155027759	NC_001846.1,1
CF236G0177.8D6AXX1LXF1.N002J019	9259	9238	2062	694	373	0	0.738524678691003	0.901069229938438	NA
E218YF0563.R	42	40	14	5	4	0	0.571428571428571	0.833333333333333	NA
M118HM0143.R	2	2	0	0	0	0	1	1	NA
SRR12720817	5658	5646	2637	1329	679	0	0.478084128667374	0.726758571933545	NA
CF231C0481.8B6AXX1LXF1.N002J019	115109	114844	25014	9552	4687	6	0.741219192243873	0.896020293808477	NC_038861.1,1
ZDH23060900092R	36	36	12	5	4	0	0.611111111111111	0.805555555555556	NA
ZZ22JS022625.1R.1L.UDB.108	629	619	151	42	32	0	0.731319554848967	0.896661367249603	NA
M117RT0327.R	1046	1005	226	98	44	0	0.74282982791587	0.880497131931166	NA
CF23630148.8D6AXX1LXF1.N002J019	47399	47316	10491	4070	1878	0	0.738791957636237	0.89404839764552	NA
ZDH23053000011R	157850	157213	53448	24197	12655	1	0.606449160595502	0.81920177383592	NC_049392.1,1
CF243F0058.8F6AXXJ41F1.N008JQ84	13	13	3	3	2	0	0.692307692307692	0.692307692307692	NA
SRR12720815	6618	6614	3194	1352	436	0	0.446962828649139	0.783318223028105	NA
E218YF0411.R	1029	1004	201	76	41	0	0.775510204081633	0.902818270165209	NA
CF231C0483.8B6AXX1LXF1.N002J019	11	11	0	1	0	0	0.909090909090909	0.909090909090909	NA
M117RE0134.R	2	2	0	0	0	0	1	1	NA
E217RT0353.R	91	88	21	9	5	0	0.725274725274725	0.868131868131868	NA
CF24220285.8D6BXX1P1F1.N002JQ84	2264	2264	566	221	133	0	0.714664310954064	0.868816254416961	NA
ZZ24JS04646.AD.1R.1L.UDB.112	615869	592685	123737	51401	22812	0	0.754593915264448	0.89585122810208	NA
CF238H0204.8D6BXX1QXF1.N002JQ84	146978	146666	31295	12440	5767	2	0.748397719386575	0.894385554300644	AC_000192.1,2
CF238W0015.8D6BXX1PXF1.N002JQ84	1134	1133	230	103	22	0	0.763668430335097	0.896825396825397	NA
ZZ22JS021652.1R.1L.UDB.184	801	779	191	92	58	0	0.712858926342072	0.85143570536829	NA
CF236N0107.8D6BXX1NXF1.N002KX2P	16266	16241	3712	1521	699	0	0.731771793925981	0.885097749907783	NA
CF24370096.8F6AXXJ41F1.N008JQ84	1103638	1100550	229765	84706	41240	49	0.750496992673322	0.902468019404914	NC_038861.1,9
M118HM0326.R	1	1	0	0	0	0	1	1	NA
ZDH23061600041R	395	395	127	39	37	0	0.617721518987342	0.853164556962025	NA
CF23630127.8D6AXX1LXF1.N002J019	48649	48561	11245	4823	2127	0	0.725585315217168	0.880716972599642	NA
ZZMAX154277.AD.1R.1L.UDB.183	112398	108160	22071	8968	4030	0	0.764800085410772	0.901021370487019	NA
CF235M0129.8D6AXX1ZXF1.N002J019	591	591	126	48	26	0	0.747884940778342	0.896785109983079	NA
CF23820402.8D6BXX1LXF1.N002J019	144639	144306	29486	10933	5628	4	0.760928933413533	0.902363816121516	NC_001846.1,4
CF238P0421.8D6BXX1ZXF1.N002JQ84	5950	5937	1324	570	247	0	0.736806722689076	0.883025210084034	NA
SRR12720834	1701	1701	788	331	196	0	0.466196355085244	0.759553203997648	NA
M217RT0115.R	3591	3487	810	357	174	0	0.730715678084099	0.873572820941242	NA
M118LA0126.R	1230798	1190797	272812	124671	60597	1	0.732273695602365	0.875783028571707	AC_000192.1,1
ZDH230100411R	2	2	0	0	0	0	1	1	NA
SRR12720841	314	314	184	62	33	0	0.353503184713376	0.764331210191083	NA
S117RN0150.R	9961	9907	3048	1292	621	0	0.649232004818793	0.841782953518723	NA
ZZ22JS023191.1R.1L.UDB.176	99446	96825	20724	9225	5999	0	0.750367033364841	0.870210968766969	NA
SRR12720800	194	194	108	59	34	1	0.335051546391753	0.603092783505155	NC_049459.1,1
E218YJ0464.R	34041	33118	9710	6726	1828	0	0.650920948268265	0.792133016068858	NA
ZZMAX173346.AD.1R.1L.UDB.134	859131	829488	161463	59266	33052	0	0.771808955793703	0.908518025772554	NA
N117RE0115.R	919	884	197	86	53	0	0.742110990206746	0.878128400435256	NA
N218HM0251.R	128537	124999	27061	9134	5451	0	0.755852400476127	0.904050973649611	NA
SRR12720795	0	0	0	0	0	0	NA	NA	NA
CF236B0251.8D6AXX1LXF1.N002KX2P	2896	2893	703	293	134	0	0.713052486187845	0.87396408839779	NA
SRR12720812	316	311	108	47	22	0	0.591772151898734	0.80379746835443	NA
CF232N0139.8D6AXX1LXF1.N002J019	89	89	12	11	2	0	0.764044943820225	0.853932584269663	NA
ZDH221200141R	724622	721675	237366	87928	43374	3	0.623407790544587	0.850992655481065	NC_049948.1,1
ZZ22JS062855.AD.1R.1L.UDB.191	237619	228289	45579	18002	8684	1	0.766870494362825	0.904064910634251	AC_000192.1,1
SRR12720810	3231	3227	1149	487	226	0	0.573197152584339	0.813060971835345	NA
SRR12720792	3443	3443	2260	1190	841	0	0.239326169038629	0.557362765030497	NA
N218YJ0223.R	48	45	14	9	1	0	0.666666666666667	0.8125	NA
RNA.1233184390	30514	30409	10453	4047	2032	0	0.608999147932097	0.842498525267091	NA
E217RT0460.R	483	467	109	52	16	0	0.708074534161491	0.875776397515528	NA
N218HM0187.R	27	26	4	0	1	0	0.814814814814815	0.962962962962963	NA
E218YF0623.R	78313	76366	17412	6924	3607	0	0.738893925657298	0.888524255232209	NA
S118HM0195.R	155063	150763	36610	16170	9356	2	0.718437022371552	0.866241463147237	NC_038861.1,2
SRR12720818	820465	819215	343511	122470	76300	3	0.52366036333055	0.80511173541833	NC_001846.1,1
M117RT0313.R	716	692	151	68	56	0	0.747206703910615	0.865921787709497	NA
ZDH230401551R	1780017	1773414	548763	213976	101404	8	0.639857372148693	0.849675031193522	NC_070684.1,1
ZZ22JS06247101.AD.1R.1L.UDB.133	784	758	153	63	40	0	0.746173469387755	0.89030612244898	NA
M118HM0342.R	7208985	6968007	1550846	657989	317848	10	0.741941063825213	0.884890175246585	AC_000192.1,3
CF23990150.8D6BXX1QXF1.N002JQ84	161	161	44	21	4	0	0.677018633540373	0.863354037267081	NA
MAX138984	131	123	29	16	6	0	0.748091603053435	0.854961832061069	NA
SRR12720837	410990	410969	229049	94309	61826	6	0.371982286673642	0.70665952942894	NC_054919.1,1
SRR12720855	44078	43971	19008	7870	4167	3	0.514746585598258	0.783247878760379	NC_049948.1,1
ZDH221200131R	475	473	206	109	40	0	0.524210526315789	0.738947368421053	NA
SRR12720850	636	636	287	120	36	0	0.506289308176101	0.779874213836478	NA
CF23660366.8D6AXX1LXF1.N002J019	877729	875229	184134	77568	32557	21	0.747901687195023	0.89252035651095	NC_001451.1,1
ZDH221200291R	1	1	0	0	0	0	1	1	NA
ZZMAX119816.1R.1L.UDB.178	6357	6150	1253	539	323	0	0.766399244926852	0.88563787950291	NA
SRR12720856	169925	169548	71535	27180	15577	0	0.525720170663528	0.794950713550096	NA
M118HM0288.R	1127415	1090061	272971	135907	52485	2	0.707288797825113	0.858510841172062	NC_048217.1,1
E218YF0175.R	74396	72518	17679	8071	3597	0	0.718775202967902	0.870315608366041	NA
ZZ22JS022634.1R.1L.UDB.106	70	67	10	8	3	0	0.8	0.857142857142857	NA
S217RT0481.R	559	539	110	50	17	0	0.760286225402504	0.899821109123435	NA
SRR12720823	966132	964434	393111	142723	87382	3	0.533745906356481	0.808713509127117	NC_054919.1,1
S217RN0396.R	3473	3374	651	283	162	0	0.775986179095883	0.894039735099338	NA
SRR12720820	18484	18461	7764	3194	1819	0	0.519963211426098	0.785652456178316	NA
SRR12720852	59594	59549	24229	9031	5510	2	0.533728227673927	0.8070107728966	NC_054922.1,2
MDL001.Q09C23040039L.RNA.C48.20230117	9	8	1	0	0	0	0.888888888888889	1	NA
MDL001.Q09C23030031L.RNA.A07.20230110	1765	1722	368	137	70	0	0.754107648725212	0.900849858356941	NA
CF235U0226.8D6AXX1LXF1.N002J019	23612	23583	5317	2024	1010	0	0.734880569202101	0.891834660342199	NA
MAX120701	440	417	92	34	8	0	0.763636363636364	0.915909090909091	NA
ZZ22JS022631.1R.1L.UDB.189	23	21	3	4	1	0	0.826086956521739	0.826086956521739	NA
E218YF0474.R	1742684	1690947	435741	211887	82800	4	0.703788523909097	0.857992613692442	NC_038861.1,4
M117RN0125.R	15561	14996	3342	1424	660	0	0.743268427478954	0.885354411670201	NA
CF230K0037.8D6BXX1PXF1.N002JQ84	15912	15880	3711	1518	674	0	0.726935646053293	0.882227249874309	NA
N217RE0285.R	49	49	12	7	3	0	0.693877551020408	0.836734693877551	NA
MDL001.Q24C23030034T.RNA.D21.20230114	5	5	0	0	0	0	1	1	NA
SRR12720805	26487	26443	11915	5524	2794	0	0.487371163212142	0.751349718729943	NA
SRR12720811	1254246	1252377	541006	220546	129801	28	0.505303584783208	0.779741773144981	AC_000192.1,1
ZZ22JS062828.AD.1R.1L.UDB.158	293875	282733	58052	21534	10920	2	0.763344959591663	0.906538494257763	NC_003436.1,2
CF235U0224.8D6AXX1LXF1.N002J019	1065	1064	246	106	45	0	0.728638497652582	0.88169014084507	NA
ZDH23061700052R	1341	1332	491	220	89	0	0.579418344519016	0.810589112602535	NA
SRR12720804	11390	11375	5399	2202	737	1	0.485776997366111	0.763564530289728	NC_054919.1,1
MDL001.Q18C22530029L.RNA.D28.20221229	29	28	5	2	0	0	0.793103448275862	0.931034482758621	NA
M118HM0358.R	31	30	7	1	1	0	0.774193548387097	0.967741935483871	NA
MAX143318	2833	2733	547	190	115	0	0.769149311683727	0.90928344511119	NA
ZZMAX91082.1R.1L.UDB.110	123	120	28	16	11	0	0.666666666666667	0.804878048780488	NA
M118HM0181.R	134	134	23	9	3	0	0.813432835820896	0.925373134328358	NA
CF234R0252.8D6AXX1ZXF1.N002J019	41725	41652	8791	2866	1724	1	0.753840623127621	0.907465548232474	NC_001846.1,1
CF236V0321.8D6AXX1LXF1.N002J019	205174	204665	41859	15076	7869	3	0.757771452523224	0.903208983594413	NC_038861.1,1
ZZ22JS055866.AD.1R.1L.UDB.153	17933	17145	3404	1428	632	0	0.770144426476329	0.901243517537501	NA
ZZ22JS109636.AD.1R.1L.UDB.165	4494	4291	865	335	176	0	0.761682242990654	0.90231419670672	NA
SRR12720819	12316659	12296352	5113217	1923909	1147748	175	0.526177756484124	0.79954677644319	NC_049395.1,1
SRR12720827	55729	55727	31575	12685	8307	0	0.359974160670387	0.700550880152165	NA
ZDH230100321R	11073	11050	3455	1218	681	0	0.634516391221891	0.859658629097805	NA
ZDH23080500081R	37	37	8	4	1	0	0.72972972972973	0.891891891891892	NA
SRR12720844	8876	8867	3624	1445	769	3	0.51791347453808	0.793037404236142	NC_054919.1,1
M117RN0124.R	123	118	22	9	5	0	0.788617886178862	0.902439024390244	NA
ZZMAX139638.AD.1R.1L.UDB.145	261805	252676	53294	20802	9630	0	0.756597467580833	0.901350241592025	NA
CF231B0298.8B6AXX1LXF1.N002J019	19663	19628	4505	1662	873	1	0.730763362660835	0.89248843004628	NC_048217.1,1
ZZ22JS032998.AD.1R.1L.UDB.108	27	27	3	2	1	0	0.777777777777778	0.888888888888889	NA
X22JS023195	6	6	0	0	0	0	1	1	NA
M217RT0158.R	462	445	83	27	20	0	0.781385281385281	0.904761904761905	NA
ZZ22JS022628.1R.1L.UDB.186	12	12	4	2	0	0	0.666666666666667	0.833333333333333	NA
CF236V0277.8D6AXX1LXF1.N002J019	70216	70071	15306	6168	2642	1	0.739275948501766	0.890409593255099	NC_048217.1,1
M117TA0317.R	16	15	5	2	0	0	0.6875	0.875	NA
ZDH23050900052R	10472	10435	3504	1562	904	0	0.607715813598167	0.81827731092437	NA
CF239A0326.8D6BXX1VXF1.N002JQ84	617980	616285	124866	45875	23836	11	0.760278649794492	0.904763908217094	NC_038861.1,3
ZZ22JS021543.1R.1L.UDB.161	107	105	18	5	13	0	0.757009345794392	0.878504672897196	NA
MDL001.Q24C23080011L.RNA.A09.20230217	1	1	0	0	0	0	1	1	NA
SRR12720809	5142	5142	2951	858	498	0	0.358420847919098	0.78685336444963	NA
CF230C0039.8D6BXX1NXF1.N002JQ84	147	147	33	16	8	0	0.714285714285714	0.863945578231292	NA
E218YF0385.R	23	23	2	6	2	0	0.739130434782609	0.739130434782609	NA
SRR12720842	719	718	250	68	44	0	0.600834492350487	0.870653685674548	NA
SRR12720845	236363	235959	102936	37424	21592	4	0.516019850822675	0.80358177887402	NC_070684.1,1
M118YF0197.R	302	291	70	38	17	0	0.711920529801324	0.844370860927152	NA
CF236K0198.8D6AXX1LXF1.N002J019	11229	11205	2533	953	471	0	0.735328168136076	0.893044794727937	NA
SRR12720851	76915	76671	30740	12121	7102	20	0.538997594747448	0.80011701228629	AC_000192.1,1
CF23100190.8B6AXX1ZXF1.N002L001	189641	189193	39572	15401	7474	8	0.750839744570003	0.898123296122674	NC_001846.1,5
X22JS062715	5746	5466	1125	506	208	0	0.762095370692656	0.893839192481726	NA
ZZ24JS11713.AD.1R.1L.UDB.183	13	13	2	0	0	0	0.846153846153846	1	NA
SRR12720832	1517	1516	709	270	149	0	0.476598549769281	0.781147000659196	NA
SRR12720814	29079	29022	12630	5303	3153	0	0.504178272980501	0.771071907562158	NA
MAX153830	2381	2295	429	164	64	0	0.785804283914322	0.917261654766905	NA
ZDH230500481R	65722	65442	22061	9448	4836	1	0.613386689388637	0.828733148717325	NC_003436.1,1
X22JS062829	6833629	6580301	1360688	557108	240592	17	0.760254617275828	0.899617172661846	NC_001451.1,1
M117RT0292.R	2	2	1	1	0	0	0.5	0.5	NA
ZZ22JS022633.1R.1L.UDB.105	40	39	7	5	3	0	0.775	0.85	NA
CF234D0113.8D6AXX1MXF1.N002J019	1579	1575	326	120	64	0	0.750474984167194	0.899936668777707	NA
M118HM0283.R	1	1	0	0	0	0	1	1	NA
E218YF0627.R	11691	11333	2655	1271	552	0	0.724317851338637	0.869814387135403	NA
N218HM0249.R	24	24	7	3	0	0	0.708333333333333	0.875	NA
CF231D0159.8B6AXX1LXF1.N002L001	3760	3758	886	343	160	0	0.717021276595745	0.884042553191489	NA
ZZ22JS062906.AD.1R.1L.UDB.157	824649	789791	163729	67594	30459	1	0.76090797418053	0.899491783777098	AC_000192.1,1
SRR12720829	7369	7350	3161	1064	575	0	0.542814493146967	0.811236260008142	NA
CF230K0225.8D6BXX1PXF1.N002JQ84	66582	66432	13819	4808	2684	2	0.755159051996035	0.904223363671863	AC_000192.1,1
ZDH230101391R	6	6	3	1	0	0	0.5	0.833333333333333	NA
M118HM0214.R	5	5	1	2	1	0	0.6	0.6	NA
CF23030059.8D6BXX1NXF1.N002JQ84	22096	22065	4745	1755	943	0	0.747782404055033	0.896180304127444	NA
ZZ22JS022632.1R.1L.UDB.107	5095	4950	1125	466	309	0	0.733660451422964	0.875171736997056	NA
E217RE0715.R	6259	6108	1479	717	290	0	0.718006071257389	0.865154177983703	NA
ZZMAX120304.1R.1L.UDB.104	3	3	0	0	0	0	1	1	NA
ZZ22JS117088.AD.1R.1L.UDB.189	15	14	2	1	0	0	0.8	0.933333333333333	NA
ZDH23062400122R	57	57	20	13	6	0	0.56140350877193	0.736842105263158	NA
CF235S0122.8D6AXX1ZXF1.N002J019	36721	36646	8057	3228	1510	0	0.738487513956592	0.890607554260505	NA
ZZ22JS06607401.AD.1R.1L.UDB.140	226	214	50	25	16	0	0.725663716814159	0.86283185840708	NA
N218YF0176.R	1455	1408	309	131	75	0	0.739518900343643	0.883848797250859	NA
ZZMAX127746.1R.1L.UDB.125	14	12	4	2	3	0	0.642857142857143	0.714285714285714	NA
ZZ22JS062796.AD.1R.1L.UDB.183	4051	3860	830	370	124	0	0.75240681313256	0.89582819057023	NA
X22JS032996	56454	54087	10036	3689	2050	0	0.781716087434017	0.91226485280051	NA
N218HM0219.R	76655	73549	16555	7365	3563	0	0.739169003978866	0.879068553910378	NA
SRR12720858	3916687	3913203	1708128	655933	329080	54	0.504921634023857	0.792456226397463	NC_007151.1,1
MBX112038	117	113	25	12	7	0	0.700854700854701	0.871794871794872	NA
MDL001.Q09C23030037T.RNA.A08.20230110	1	1	0	0	0	0	1	1	NA
ZDH23062200101R	33	33	11	3	0	0	0.666666666666667	0.909090909090909	NA
CF237Q0499.8B6BXX2IXF1.N002KX2P	58211	58087	12247	3998	2225	0	0.754187352905808	0.909209599560221	NA
SRR12720822	53079	52965	21908	8529	5068	1	0.53182991390192	0.796586220539196	NC_054919.1,1
SRR12720802	2365827	2361548	996359	396623	234229	212	0.51875813404784	0.789610144782353	NC_007151.1,1
CF235K0129.8D6AXX1ZXF1.N002J019	964677	961926	191024	70369	34486	20	0.764902656536851	0.907092218431662	NC_038861.1,6
SRR12720806	69049	68959	28268	10366	6302	0	0.528001853756028	0.802357745948529	NA
MDL001.Q24C23040031L.RNA.A37.20230120	3	3	1	1	0	0	0.666666666666667	0.666666666666667	NA
M217RT0156.R	3668	3569	803	301	146	0	0.740185387131952	0.891221374045801	NA
SRR12720799	46	46	27	14	7	0	0.282608695652174	0.652173913043478	NA
SRR12720846	7111	7101	2262	1226	621	0	0.606525101954718	0.784981015328365	NA
MDL001.Q24C22520013L.RNA.D20.20221224	1895	1828	359	120	65	0	0.772559366754617	0.917678100263852	NA
ZDH23060600052R	1710	1702	535	238	93	0	0.632748538011696	0.84093567251462	NA
ZZ22JS109657.AD.1R.1L.UDB.133	184	175	27	13	9	0	0.815217391304348	0.91304347826087	NA
MDL001.Q09C23030030L.RNA.A06.20230110	3	3	1	0	1	0	0.666666666666667	0.666666666666667	NA
CF237H0187.8D6BXX1ZXF1.N002J019	527	524	118	47	23	0	0.732447817836812	0.889943074003795	NA
ZDH23052200112R	4281	4270	1478	715	326	0	0.59472085961224	0.807054426535856	NA
N117RN0130.R	963	935	160	102	31	0	0.782969885773624	0.881619937694704	NA
M117RE0443.R	2449	2370	549	218	140	0	0.736627194773377	0.881584320130666	NA
MDL001.Q11C23020193L.RNA.D48.20230109	53	53	4	1	1	0	0.905660377358491	0.962264150943396	NA
E218YF0321.R	512919	499998	115680	46702	27613	0	0.732739477383369	0.88099095568696	NA
CF23BS0175.8D6BXX1NXF1.N002JQ84	27828	27775	5989	2154	1119	0	0.745687796463993	0.899885007905706	NA
X22JS062974	5	5	1	0	0	0	0.8	1	NA
SRR12720793	219	219	95	34	19	0	0.538812785388128	0.799086757990868	NA
CF231B0440.8B6AXX1VXF1.N002J019	16814	16786	3480	1316	655	0	0.755560842155347	0.900440109432616	NA
M118HM0208.R	7	7	2	0	0	0	0.714285714285714	1	NA
CF239E0315.8D6BXX1LXF1.N002JQ84	101571	101377	22751	9340	4062	1	0.736568508727885	0.888856071122663	AC_000192.1,1
MDL001.Q09C22520017N.RNA.A04.20221221	1	1	0	0	0	0	1	1	NA
SRR12720836	67863	67765	27278	10671	6539	4	0.535107495984557	0.798211101778583	NC_049948.1,1
X22JS055863	17167	16501	3313	1292	632	0	0.769383118774393	0.903652356264927	NA
ZDH23051800051R	490	485	159	70	11	0	0.618367346938775	0.840816326530612	NA
ZZ22JS047639.1R.1L.UDB.166	3909	3819	804	429	189	0	0.754157073420312	0.87567152724482	NA
S218HM0124.R	97728	94035	20953	8489	4671	1	0.744198182711198	0.888639898493779	NC_048217.1,1
N217RT0132.R	29417	29229	8630	3536	1775	0	0.662372097766598	0.850834551449842	NA
CF23550199.8D6AXX1ZXF1.N002KX2P	365163	364199	73306	25251	14125	11	0.762873018350709	0.908197161267708	NC_038861.1,4
MDL001.Q09C22520009L.RNA.D34.20221220	1168	1129	225	63	40	0	0.772260273972603	0.923801369863014	NA
SRR12720794	89179	89106	40344	15653	7719	6	0.48990233126633	0.789715067448615	NC_049392.1,1
ZZ24JS11864.AD.1R.1L.UDB.164	1739	1671	340	124	57	0	0.772282921219091	0.9102932719954	NA
ZZMAX136576.AD.1R.1L.UDB.106	39031	37803	7468	2880	1443	0	0.768824780302836	0.905664728036689	NA
E217RE0131.R	82534	79676	19534	9643	3924	0	0.714348026267962	0.861947803329537	NA
MDL001.Q24C22520012L.RNA.D19.20221224	19	18	5	4	4	0	0.736842105263158	0.789473684210526	NA
ZDH23062100091R	14	14	4	3	2	0	0.5	0.714285714285714	NA
M118YF0291.R	170	163	51	31	14	0	0.658823529411765	0.782352941176471	NA
S118YF0150.R	2227707	2217566	752751	347392	167797	3	0.610000327691209	0.813570186743589	AC_000192.1,1
WHMAX12180001.1R.1L.UDB.170	4481	4330	1058	430	206	0	0.734657442535148	0.877482704753403	NA
ZDH221200431R	362	362	141	45	27	0	0.55524861878453	0.837016574585635	NA
MDL001.Q18C23050052L.RNA.A44.20230126	533	520	85	27	20	0	0.810506566604128	0.921200750469043	NA
