sample	n_reads	pops_reads	randNumber	ExpectedMissingRatio_POPS
SRR12720802	2365827	2361583	14	0.00179387588357052
SRR12720802	2365827	2361583	31	0.00179387588357052
SRR12720802	2365827	2361592	32	0.00179007171699368
SRR12720802	2365827	2361592	45	0.00179007171699368
SRR12720802	2365827	2361592	4	0.00179007171699368
SRR12720802	2365827	2361592	50	0.00179007171699368
SRR12720802	2365827	2361592	57	0.00179007171699368
SRR12720802	2365827	2361592	5	0.00179007171699368
SRR12720802	2365827	2361592	74	0.00179007171699368
SRR12720802	2365827	2361592	75	0.00179007171699368
SRR12720802	2365827	2361592	80	0.00179007171699368
MAX120701	440	419	17	0.0477272727272727
MAX120701	440	420	76	0.0454545454545455
MDL001.Q11C23020193L.RNA.D48.20230109	53	53	43	0
MDL001.Q11C23020193L.RNA.D48.20230109	53	53	58	0
MDL001.Q11C23020193L.RNA.D48.20230109	53	53	5	0
M118HM0160.R	11	9	61	0.181818181818182
M118HM0160.R	11	9	8	0.181818181818182
ZDH23062200101R	33	33	37	0
ZDH23062200101R	33	33	74	0
SRR12720846	7111	7101	100	0.00140627197299958
SRR12720846	7111	7102	11	0.00126564477569962
SRR12720846	7111	7102	25	0.00126564477569962
SRR12720846	7111	7102	36	0.00126564477569962
SRR12720846	7111	7102	42	0.00126564477569962
SRR12720846	7111	7102	48	0.00126564477569962
SRR12720846	7111	7102	49	0.00126564477569962
SRR12720846	7111	7102	59	0.00126564477569962
SRR12720846	7111	7102	75	0.00126564477569962
SRR12720846	7111	7102	81	0.00126564477569962
SRR12720846	7111	7102	84	0.00126564477569962
SRR12720846	7111	7102	97	0.00126564477569962
SRR12720819	12316659	0	101	1
SRR12720819	12316659	0	36	1
SRR12720819	12316659	0	41	1
SRR12720819	12316659	0	55	1
SRR12720819	12316659	0	56	1
SRR12720819	12316659	12296729	65	0.00161813361886531
SRR12720819	12316659	12296729	81	0.00161813361886531
SRR12720819	12316659	12296729	82	0.00161813361886531
SRR12720819	12316659	12296739	99	0.00161732171037617
ZDH230100321R	11073	11056	12	0.00153526596225052
ZDH230100321R	11073	11056	29	0.00153526596225052
ZDH230100321R	11073	11056	60	0.00153526596225052
CF236C0325.8D6AXX1LXF1.N002J019	7311	7300	74	0.00150458213650663
SRR12720794	89179	89105	12	0.000829791767120062
SRR12720794	89179	89106	20	0.000818578364861683
SRR12720794	89179	89106	29	0.000818578364861683
SRR12720794	89179	89106	40	0.000818578364861683
SRR12720794	89179	89106	43	0.000818578364861683
SRR12720794	89179	89109	58	0.000784938158086545
SRR12720794	89179	89109	5	0.000784938158086545
SRR12720794	89179	89109	60	0.000784938158086545
SRR12720794	89179	89109	65	0.000784938158086545
SRR12720794	89179	89109	69	0.000784938158086545
SRR12720794	89179	89109	6	0.000784938158086545
SRR12720794	89179	89109	92	0.000784938158086545
SRR12720794	89179	89109	94	0.000784938158086545
X22JS032996	56454	54840	22	0.0285896482091614
X22JS032996	56454	55003	46	0.0257023417295497
X22JS032996	56454	55003	81	0.0257023417295497
X22JS032996	56454	55003	84	0.0257023417295497
X22JS032996	56454	55024	92	0.0253303574591703
X22JS032996	56454	55039	94	0.0250646544088993
SRR12720799	90	46	13	0.488888888888889
SRR12720799	90	46	19	0.488888888888889
SRR12720799	90	46	21	0.488888888888889
SRR12720799	90	46	37	0.488888888888889
SRR12720799	90	46	4	0.488888888888889
SRR12720799	90	46	50	0.488888888888889
SRR12720799	90	46	53	0.488888888888889
SRR12720799	90	46	59	0.488888888888889
SRR12720799	90	46	63	0.488888888888889
SRR12720799	90	46	6	0.488888888888889
SRR12720799	90	46	70	0.488888888888889
SRR12720799	90	46	72	0.488888888888889
SRR12720799	90	46	79	0.488888888888889
SRR12720799	90	46	82	0.488888888888889
SRR12720799	90	46	86	0.488888888888889
SRR12720799	90	46	9	0.488888888888889
ZDH23062400122R	57	57	13	0
ZDH23062400122R	57	57	31	0
ZDH23062400122R	57	57	75	0
RNA.1233184390	30514	30436	39	0.00255620370977256
E218YF0257.R	130110	127668	20	0.0187687341480286
M118YF0291.R	170	164	60	0.0352941176470588
CF234R0252.8D6AXX1ZXF1.N002J019	41725	41655	51	0.00167765128819652
CF234R0252.8D6AXX1ZXF1.N002J019	41725	41696	52	0.000695026962252846
S218HM0124.R	97728	94574	24	0.0322732481990832
S218HM0124.R	97728	95782	58	0.0199124099541585
S218HM0124.R	97728	95782	84	0.0199124099541585
S218HM0124.R	97728	95786	88	0.0198714800261952
ZZ22JS021585.1R.1L.UDB.181	86354	85237	100	0.0129351274984367
ZZ22JS021585.1R.1L.UDB.181	86354	85238	78	0.0129235472589573
N217RT0132.R	29417	0	4	1
N217RT0132.R	29417	29174	61	0.00826052962572662
N217RT0132.R	29417	29310	68	0.00363735255124588
N217RT0132.R	29417	29322	73	0.00322942516232111
MDL001.Q24C23080011L.RNA.A09.20230217	1	1	18	0
MDL001.Q24C23080011L.RNA.A09.20230217	1	1	35	0
MDL001.Q24C23080011L.RNA.A09.20230217	1	1	42	0
MDL001.Q24C23080011L.RNA.A09.20230217	1	1	83	0
N218HM0187.R	27	27	33	0
N218HM0187.R	27	27	34	0
N218HM0187.R	27	27	39	0
N218HM0187.R	27	27	97	0
SRR12720856	169925	169549	14	0.00221274091510961
SRR12720856	169925	169549	30	0.00221274091510961
SRR12720856	169925	169549	31	0.00221274091510961
SRR12720856	169925	169549	44	0.00221274091510961
SRR12720856	169925	169551	66	0.00220097101662498
SRR12720856	169925	169551	68	0.00220097101662498
SRR12720856	169925	169551	72	0.00220097101662498
SRR12720856	169925	169551	73	0.00220097101662498
SRR12720856	169925	169551	74	0.00220097101662498
SRR12720856	169925	169551	79	0.00220097101662498
SRR12720856	169925	169551	93	0.00220097101662498
SRR12720856	169925	169551	97	0.00220097101662498
ZZMAX127430.1R.1L.UDB.179	1583781	1561293	33	0.0141989328069979
ZZ22JS047639.1R.1L.UDB.166	3909	3878	100	0.00793041698644155
ZDH23080500081R	37	37	10	0
ZDH23080500081R	37	37	72	0
ZDH23080500081R	37	37	8	0
ZDH23080500081R	37	37	93	0
CF230C0039.8D6BXX1NXF1.N002JQ84	147	147	17	0
CF230C0039.8D6BXX1NXF1.N002JQ84	147	147	33	0
CF230C0039.8D6BXX1NXF1.N002JQ84	147	147	61	0
CF230C0039.8D6BXX1NXF1.N002JQ84	147	147	63	0
CF230C0039.8D6BXX1NXF1.N002JQ84	147	147	7	0
SRR12720842	719	718	18	0.00139082058414465
SRR12720842	719	718	2	0.00139082058414465
SRR12720842	719	718	32	0.00139082058414465
SRR12720842	719	718	35	0.00139082058414465
SRR12720842	719	718	46	0.00139082058414465
SRR12720842	719	718	53	0.00139082058414465
SRR12720842	719	718	70	0.00139082058414465
SRR12720842	719	718	91	0.00139082058414465
SRR12720842	719	718	93	0.00139082058414465
SRR12720842	719	718	9	0.00139082058414465
CF23620301.8D6AXX1LXF1.N002J019	2537	2520	28	0.00670082774931021
CF24220285.8D6BXX1P1F1.N002JQ84	2264	2247	31	0.00750883392226148
CF24220285.8D6BXX1P1F1.N002JQ84	2264	2252	45	0.00530035335689046
CF24220285.8D6BXX1P1F1.N002JQ84	2264	2252	4	0.00530035335689046
ZZ22JS055866.AD.1R.1L.UDB.153	17933	17391	34	0.030223610104277
ZZ22JS055866.AD.1R.1L.UDB.153	17933	17453	6	0.0267662967713155
ZZ22JS055866.AD.1R.1L.UDB.153	17933	17471	92	0.0257625606423911
X22JS055863	17167	16681	16	0.0283101299003903
X22JS055863	17167	16788	32	0.0220772412186171
X22JS055863	17167	16806	67	0.021028717888973
SRR12720845	236363	235969	12	0.00166692756480498
SRR12720845	236363	235969	29	0.00166692756480498
SRR12720845	236363	235969	31	0.00166692756480498
SRR12720845	236363	235972	47	0.00165423522294098
SRR12720845	236363	235972	55	0.00165423522294098
SRR12720845	236363	235973	60	0.00165000444231965
SRR12720845	236363	235973	66	0.00165000444231965
SRR12720845	236363	235973	72	0.00165000444231965
SRR12720845	236363	235973	83	0.00165000444231965
SRR12720845	236363	235973	87	0.00165000444231965
S118HM0188.R	3091	3082	64	0.0029116790682627
CF23630148.8D6AXX1LXF1.N002J019	47399	46862	54	0.0113293529399354
CF23630148.8D6AXX1LXF1.N002J019	47399	47306	91	0.00196206671026815
SRR12720820	18484	18462	13	0.00119021856740965
SRR12720820	18484	18462	22	0.00119021856740965
SRR12720820	18484	18462	25	0.00119021856740965
SRR12720820	18484	18462	37	0.00119021856740965
SRR12720820	18484	18462	52	0.00119021856740965
SRR12720820	18484	18462	65	0.00119021856740965
SRR12720820	18484	18462	70	0.00119021856740965
SRR12720820	18484	18462	73	0.00119021856740965
SRR12720820	18484	18462	79	0.00119021856740965
SRR12720820	18484	18462	95	0.00119021856740965
SRR12720820	18484	18462	9	0.00119021856740965
ZDH221200431R	362	362	20	0
ZDH221200431R	362	362	69	0
CF234U0105.8D6AXX1ZXF1.N002J019	137573	137127	1	0.00324191520138399
SRR12720823	966132	964460	10	0.00173061238008885
SRR12720823	966132	964460	16	0.00173061238008885
SRR12720823	966132	964460	20	0.00173061238008885
SRR12720823	966132	964460	2	0.00173061238008885
SRR12720823	966132	964460	44	0.00173061238008885
SRR12720823	966132	964460	51	0.00173061238008885
SRR12720823	966132	964460	59	0.00173061238008885
SRR12720823	966132	964461	5	0.0017295773248376
SRR12720823	966132	964461	62	0.0017295773248376
SRR12720823	966132	964461	67	0.0017295773248376
SRR12720823	966132	964461	79	0.0017295773248376
SRR12720823	966132	964461	80	0.0017295773248376
SRR12720823	966132	964461	95	0.0017295773248376
MAX138984	131	124	83	0.0534351145038168
ZZ22JS022631.1R.1L.UDB.189	23	21	80	0.0869565217391304
MDL001.Q09C22520017N.RNA.A04.20221221	1	1	54	0
MDL001.Q09C22520017N.RNA.A04.20221221	1	1	56	0
MDL001.Q09C22520017N.RNA.A04.20221221	1	1	65	0
X22JS062829	6833629	6703702	32	0.0190128846620149
X22JS062829	6833629	6703702	53	0.0190128846620149
S118HM0195.R	155063	152632	49	0.015677498823059
S118HM0195.R	155063	152796	7	0.0146198641842348
S118HM0195.R	155063	152980	89	0.0134332497114076
S217RN0396.R	3473	3422	19	0.01468471062482
S217RN0396.R	3473	3428	27	0.0129570976101353
S217RN0396.R	3473	3428	37	0.0129570976101353
S217RN0396.R	3473	3428	88	0.0129570976101353
SRR12720815	6618	6613	15	0.00075551526140828
SRR12720815	6618	6614	17	0.000604412209126624
SRR12720815	6618	6614	18	0.000604412209126624
SRR12720815	6618	6614	19	0.000604412209126624
SRR12720815	6618	6614	21	0.000604412209126624
SRR12720815	6618	6614	30	0.000604412209126624
SRR12720815	6618	6614	33	0.000604412209126624
SRR12720815	6618	6614	48	0.000604412209126624
SRR12720815	6618	6614	56	0.000604412209126624
SRR12720815	6618	6614	58	0.000604412209126624
SRR12720815	6618	6614	61	0.000604412209126624
SRR12720815	6618	6614	62	0.000604412209126624
SRR12720815	6618	6614	63	0.000604412209126624
SRR12720815	6618	6614	7	0.000604412209126624
SRR12720815	6618	6614	82	0.000604412209126624
SRR12720815	6618	6614	94	0.000604412209126624
ZDH230101391R	6	6	100	0
ZDH230101391R	6	6	61	0
E218YF0175.R	74396	73059	16	0.0179713963116297
E218YF0175.R	74396	73287	70	0.0149067154148072
SRR12720818	820465	0	101	1
SRR12720818	820465	674101	28	0.178391521880885
SRR12720818	820465	674101	44	0.178391521880885
SRR12720818	820465	819229	57	0.00150646279853498
SRR12720818	820465	819229	63	0.00150646279853498
SRR12720818	820465	819256	69	0.00147355463060581
SRR12720818	820465	819256	73	0.00147355463060581
SRR12720818	820465	819256	81	0.00147355463060581
SRR12720818	820465	819256	90	0.00147355463060581
CF231B0298.8B6AXX1LXF1.N002J019	19663	19633	3	0.00152570818288155
CF23100190.8B6AXX1ZXF1.N002L001	189641	187757	38	0.00993456056443491
CF23100190.8B6AXX1ZXF1.N002L001	189641	188678	48	0.0050780158299102
CF23100190.8B6AXX1ZXF1.N002L001	189641	189380	62	0.00137628466418127
CF23100190.8B6AXX1ZXF1.N002L001	189641	189382	64	0.00136573842154386
CF23100190.8B6AXX1ZXF1.N002L001	189641	189382	68	0.00136573842154386
SRR12720804	11390	11375	10	0.00131694468832309
SRR12720804	11390	11375	11	0.00131694468832309
SRR12720804	11390	11375	30	0.00131694468832309
SRR12720804	11390	11375	38	0.00131694468832309
SRR12720804	11390	11375	3	0.00131694468832309
SRR12720804	11390	11375	55	0.00131694468832309
SRR12720804	11390	11375	61	0.00131694468832309
SRR12720804	11390	11375	81	0.00131694468832309
SRR12720804	11390	11375	84	0.00131694468832309
SRR12720804	11390	11375	8	0.00131694468832309
SRR12720804	11390	11375	9	0.00131694468832309
ZDH23053100102R	9	9	99	0
E217RE0715.R	6259	6194	17	0.0103850455344304
E217RE0715.R	6259	6211	1	0.00766895670234862
E217RE0715.R	6259	6211	51	0.00766895670234862
SRR12720817	5658	5647	12	0.00194414987628137
SRR12720817	5658	5648	31	0.00176740897843761
SRR12720817	5658	5648	40	0.00176740897843761
SRR12720817	5658	5648	47	0.00176740897843761
SRR12720817	5658	5648	64	0.00176740897843761
SRR12720817	5658	5648	69	0.00176740897843761
SRR12720817	5658	5648	82	0.00176740897843761
SRR12720817	5658	5648	86	0.00176740897843761
CF235U0224.8D6AXX1LXF1.N002J019	1065	1048	20	0.015962441314554
CF235U0224.8D6AXX1LXF1.N002J019	1065	1064	44	0.000938967136150235
CF235U0224.8D6AXX1LXF1.N002J019	1065	1064	5	0.000938967136150235
CF235U0224.8D6AXX1LXF1.N002J019	1065	1064	95	0.000938967136150235
SRR12720792	6350	3443	10	0.457795275590551
SRR12720792	6350	3443	16	0.457795275590551
SRR12720792	6350	3443	23	0.457795275590551
SRR12720792	6350	3443	24	0.457795275590551
SRR12720792	6350	3443	25	0.457795275590551
SRR12720792	6350	3443	26	0.457795275590551
SRR12720792	6350	3443	33	0.457795275590551
SRR12720792	6350	3443	34	0.457795275590551
SRR12720792	6350	3443	35	0.457795275590551
SRR12720792	6350	3443	39	0.457795275590551
SRR12720792	6350	3443	41	0.457795275590551
SRR12720792	6350	3443	50	0.457795275590551
SRR12720792	6350	3443	53	0.457795275590551
SRR12720792	6350	3443	71	0.457795275590551
SRR12720792	6350	3443	78	0.457795275590551
SRR12720792	6350	3443	97	0.457795275590551
SRR12720836	67863	67765	24	0.00144408587890308
SRR12720836	67863	67765	27	0.00144408587890308
SRR12720836	67863	67765	39	0.00144408587890308
SRR12720836	67863	67765	45	0.00144408587890308
SRR12720836	67863	67765	49	0.00144408587890308
SRR12720836	67863	67765	51	0.00144408587890308
SRR12720836	67863	67765	52	0.00144408587890308
SRR12720836	67863	67765	57	0.00144408587890308
SRR12720836	67863	67765	58	0.00144408587890308
SRR12720836	67863	67765	68	0.00144408587890308
SRR12720836	67863	67765	73	0.00144408587890308
SRR12720836	67863	67765	7	0.00144408587890308
SRR12720836	67863	67765	84	0.00144408587890308
SRR12720836	67863	67765	85	0.00144408587890308
SRR12720836	67863	67765	9	0.00144408587890308
ZZMAX127746.1R.1L.UDB.125	14	12	65	0.142857142857143
ZZMAX127746.1R.1L.UDB.125	14	12	84	0.142857142857143
ZZ22JS022634.1R.1L.UDB.106	70	68	66	0.0285714285714286
E218YF0488.R	28055	27292	85	0.0271965781500624
SRR12720850	636	383	17	0.397798742138365
SRR12720850	636	636	22	0
SRR12720850	636	636	40	0
SRR12720850	636	636	4	0
SRR12720850	636	636	54	0
SRR12720850	636	636	65	0
SRR12720850	636	636	70	0
SRR12720850	636	636	74	0
SRR12720850	636	636	84	0
SRR12720850	636	636	87	0
SRR12720841	614	313	16	0.490228013029316
SRR12720841	614	314	17	0.488599348534202
SRR12720841	614	314	21	0.488599348534202
SRR12720841	614	314	34	0.488599348534202
SRR12720841	614	314	38	0.488599348534202
SRR12720841	614	314	44	0.488599348534202
SRR12720841	614	314	56	0.488599348534202
SRR12720841	614	314	67	0.488599348534202
SRR12720841	614	314	99	0.488599348534202
SRR12720844	8876	8867	20	0.00101397025687247
SRR12720844	8876	8867	23	0.00101397025687247
SRR12720844	8876	8867	25	0.00101397025687247
SRR12720844	8876	8867	34	0.00101397025687247
SRR12720844	8876	8867	51	0.00101397025687247
SRR12720844	8876	8867	55	0.00101397025687247
SRR12720844	8876	8867	58	0.00101397025687247
SRR12720844	8876	8867	66	0.00101397025687247
SRR12720844	8876	8867	77	0.00101397025687247
SRR12720844	8876	8867	86	0.00101397025687247
SRR12720844	8876	8867	97	0.00101397025687247
SRR12720844	8876	8867	98	0.00101397025687247
N117RN0130.R	963	940	11	0.023883696780893
N117RN0130.R	963	943	87	0.0207684319833853
ZDH221200141R	724622	722539	2	0.00287460220639175
ZDH221200141R	724622	722539	91	0.00287460220639175
ZDH221200141R	724622	722539	9	0.00287460220639175
ZZMAX173346.AD.1R.1L.UDB.134	859131	845747	14	0.0155785322610871
ZZMAX173346.AD.1R.1L.UDB.134	859131	845749	33	0.0155762043273959
ZZMAX173346.AD.1R.1L.UDB.134	859131	845749	95	0.0155762043273959
CF23660320.8D6AXX1LXF1.N002J019	53401	53181	39	0.00411977303795809
CF23660320.8D6AXX1LXF1.N002J019	53401	53322	51	0.00147937304544859
CF23660320.8D6AXX1LXF1.N002J019	53401	53322	69	0.00147937304544859
ZDH230101721R	86586	86362	3	0.00258702330630818
ZDH230101721R	86586	86367	81	0.0025292772503638
E218YF0385.R	23	23	58	0
E218YF0385.R	23	23	86	0
SRR12720832	2971	0	36	1
SRR12720832	2971	1516	37	0.489734096263884
SRR12720832	2971	1516	3	0.489734096263884
SRR12720832	2971	1516	42	0.489734096263884
SRR12720832	2971	1516	57	0.489734096263884
SRR12720832	2971	1516	6	0.489734096263884
CF235S0122.8D6AXX1ZXF1.N002J019	36721	36452	16	0.00732550856458157
PB23660369.8D6AXX1LXF1.N002KX2P	914	908	78	0.00656455142231947
MDL001.Q09C23030030L.RNA.A06.20230110	3	3	28	0
MDL001.Q09C23030030L.RNA.A06.20230110	3	3	44	0
MDL001.Q09C23030030L.RNA.A06.20230110	3	3	57	0
MDL001.Q09C23030030L.RNA.A06.20230110	3	3	81	0
MDL001.Q09C23030030L.RNA.A06.20230110	3	3	88	0
CF23550199.8D6AXX1ZXF1.N002KX2P	365163	359923	36	0.0143497561363008
CF23550199.8D6AXX1ZXF1.N002KX2P	365163	360944	75	0.0115537444921857
M117RT0327.R	1046	1006	18	0.0382409177820268
M117RT0327.R	1046	1017	21	0.0277246653919694
M117RT0327.R	1046	1017	39	0.0277246653919694
M117RT0327.R	1046	1018	48	0.0267686424474187
M117RT0327.R	1046	1019	56	0.0258126195028681
ZZ24JS11864.AD.1R.1L.UDB.164	1739	1687	51	0.0299022426682001
MAX143318	2833	2711	14	0.0430638898693964
MAX143318	2833	2771	32	0.0218849276385457
MAX143318	2833	2771	50	0.0218849276385457
M118HM0273.R	16	16	20	0
M118HM0273.R	16	16	79	0
M118HM0273.R	16	16	96	0
ZDH23050900052R	10472	10457	27	0.00143239113827349
ZDH23050900052R	10472	10457	77	0.00143239113827349
ZDH23050900052R	10472	10457	89	0.00143239113827349
CF23990150.8D6BXX1QXF1.N002JQ84	161	161	2	0
CF23990150.8D6BXX1QXF1.N002JQ84	161	161	36	0
CF23990150.8D6BXX1QXF1.N002JQ84	161	161	63	0
ZZMAX120304.1R.1L.UDB.104	3	3	30	0
ZZMAX120304.1R.1L.UDB.104	3	3	34	0
ZZMAX120304.1R.1L.UDB.104	3	3	37	0
ZZMAX120304.1R.1L.UDB.104	3	3	46	0
ZDH23061100011R	11077	11065	13	0.00108332581023743
ZDH23061100011R	11077	11065	21	0.00108332581023743
ZDH23061100011R	11077	11065	37	0.00108332581023743
ZDH23061100011R	11077	11065	4	0.00108332581023743
ZDH23061100011R	11077	11065	59	0.00108332581023743
ZZ22JS021652.1R.1L.UDB.184	801	774	43	0.0337078651685393
ZZ22JS021652.1R.1L.UDB.184	801	780	95	0.0262172284644195
ZDH221200291R	1	1	33	0
E218YF0623.R	78313	77363	67	0.0121308084226118
M217RT0115.R	3591	3457	29	0.0373155109997215
M217RT0115.R	3591	3512	40	0.0219994430520746
M217RT0115.R	3591	3512	4	0.0219994430520746
M217RT0115.R	3591	3528	53	0.0175438596491228
M217RT0115.R	3591	3530	68	0.0169869117237538
M217RT0115.R	3591	3530	94	0.0169869117237538
CF235U0226.8D6AXX1LXF1.N002J019	23612	23359	58	0.0107148907335253
CF235U0226.8D6AXX1LXF1.N002J019	23612	23598	62	0.000592918854819583
CF235U0226.8D6AXX1LXF1.N002J019	23612	23602	84	0.000423513467728274
CF235U0226.8D6AXX1LXF1.N002J019	23612	23602	85	0.000423513467728274
CF235U0226.8D6AXX1LXF1.N002J019	23612	23602	98	0.000423513467728274
CF236G0177.8D6AXX1LXF1.N002J019	9259	9222	17	0.00399611189113295
CF235K0129.8D6AXX1ZXF1.N002J019	964677	960237	38	0.00460257682104995
ZDH23061700052R	1341	1337	21	0.00298284862043251
ZDH23061700052R	1341	1338	34	0.00223713646532438
ZDH23061700052R	1341	1339	44	0.00149142431021626
ZDH23061700052R	1341	1339	56	0.00149142431021626
CF23630127.8D6AXX1LXF1.N002J019	48649	48557	92	0.00189109745318506
ZZ22JS117088.AD.1R.1L.UDB.189	15	15	74	0
ZZ22JS117088.AD.1R.1L.UDB.189	15	15	80	0
MDL001.Q24C22520013L.RNA.D20.20221224	1895	1835	23	0.0316622691292876
MDL001.Q24C22520013L.RNA.D20.20221224	1895	1863	26	0.0168865435356201
MDL001.Q24C22520013L.RNA.D20.20221224	1895	1866	71	0.0153034300791557
MDL001.Q24C22520013L.RNA.D20.20221224	1895	1866	76	0.0153034300791557
E218YF0474.R	1742684	1721496	43	0.0121582570334036
M217RT0156.R	3668	3608	46	0.0163576881134133
M217RT0156.R	3668	3619	67	0.0133587786259542
M217RT0156.R	3668	3623	6	0.01226826608506
S218YF0405.R	23	22	29	0.0434782608695652
S218YF0405.R	23	23	55	0
S218YF0405.R	23	23	66	0
S218YF0405.R	23	23	76	0
SRR12720806	69049	68956	100	0.00134686961433185
SRR12720806	69049	68956	15	0.00134686961433185
SRR12720806	69049	68961	20	0.0012744572694753
SRR12720806	69049	68961	22	0.0012744572694753
SRR12720806	69049	68961	4	0.0012744572694753
SRR12720806	69049	68961	56	0.0012744572694753
SRR12720806	69049	68961	80	0.0012744572694753
SRR12720806	69049	68961	94	0.0012744572694753
SRR12720806	69049	68961	98	0.0012744572694753
SRR12720849	39212	39140	18	0.00183617260022442
SRR12720849	39212	39140	1	0.00183617260022442
SRR12720849	39212	39140	35	0.00183617260022442
SRR12720849	39212	39140	42	0.00183617260022442
SRR12720849	39212	39140	46	0.00183617260022442
SRR12720849	39212	39140	47	0.00183617260022442
SRR12720849	39212	39140	55	0.00183617260022442
SRR12720849	39212	39140	64	0.00183617260022442
SRR12720849	39212	39140	71	0.00183617260022442
SRR12720849	39212	39140	76	0.00183617260022442
SRR12720849	39212	39140	80	0.00183617260022442
SRR12720849	39212	39140	83	0.00183617260022442
SRR12720849	39212	39140	86	0.00183617260022442
SRR12720849	39212	39140	96	0.00183617260022442
SRR12720849	39212	39140	97	0.00183617260022442
SRR12720852	59594	59549	100	0.000755109574789408
SRR12720852	59594	59549	14	0.000755109574789408
SRR12720852	59594	59549	28	0.000755109574789408
SRR12720852	59594	59549	39	0.000755109574789408
SRR12720852	59594	59549	46	0.000755109574789408
SRR12720852	59594	59549	52	0.000755109574789408
SRR12720852	59594	59549	67	0.000755109574789408
SRR12720852	59594	59549	6	0.000755109574789408
SRR12720852	59594	59549	78	0.000755109574789408
SRR12720852	59594	59549	82	0.000755109574789408
CF23820402.8D6BXX1LXF1.N002J019	144639	144304	78	0.00231611114567993
MDL001.Q09C23040039L.RNA.C48.20230117	9	9	70	0
MDL001.Q09C23040039L.RNA.C48.20230117	9	9	73	0
ZDH23062200081R	1879973	1877913	15	0.00109576041783579
ZDH23062200081R	1879973	1877973	45	0.00106384506585999
ZDH23062200081R	1879973	1877973	60	0.00106384506585999
ZDH23062200081R	1879973	1877973	77	0.00106384506585999
ZZ22JS062906.AD.1R.1L.UDB.157	824649	791828	66	0.0397999633783586
ZZ22JS062906.AD.1R.1L.UDB.157	824649	804767	7	0.024109651500214
ZZ22JS062906.AD.1R.1L.UDB.157	824649	805457	98	0.0232729318776837
M118YJ0170.R	151	149	19	0.0132450331125828
M118YJ0170.R	151	149	52	0.0132450331125828
CF236K0198.8D6AXX1LXF1.N002J019	11229	11218	47	0.000979606376346959
M118HM0325.R	21	21	88	0
CF230K0037.8D6BXX1PXF1.N002JQ84	15912	15884	57	0.00175967823026647
CF230K0037.8D6BXX1PXF1.N002JQ84	15912	15900	89	0.000754147812971342
ZDH23062100091R	14	14	49	0
ZDH23062100091R	14	14	68	0
ZDH23062100091R	14	14	85	0
SRR12720821	185	181	11	0.0216216216216216
SRR12720821	185	182	12	0.0162162162162162
SRR12720821	185	182	14	0.0162162162162162
SRR12720821	185	182	18	0.0162162162162162
SRR12720821	185	182	21	0.0162162162162162
SRR12720821	185	182	27	0.0162162162162162
SRR12720821	185	182	60	0.0162162162162162
SRR12720821	185	182	76	0.0162162162162162
SRR12720821	185	182	87	0.0162162162162162
SRR12720821	185	182	91	0.0162162162162162
SRR12720821	185	182	94	0.0162162162162162
CF230K0225.8D6BXX1PXF1.N002JQ84	66582	66485	83	0.00145685019975369
MDL001.Q09C23030037T.RNA.A08.20230110	1	1	26	0
MDL001.Q09C23030037T.RNA.A08.20230110	1	1	48	0
MDL001.Q09C23030037T.RNA.A08.20230110	1	1	52	0
MDL001.Q09C23030037T.RNA.A08.20230110	1	1	60	0
S217RT0481.R	559	541	100	0.0322003577817531
S217RT0481.R	559	542	10	0.0304114490161002
S217RT0481.R	559	542	50	0.0304114490161002
S217RT0481.R	559	542	69	0.0304114490161002
E218YF0627.R	11691	11490	5	0.0171927123428278
E218YF0627.R	11691	11500	74	0.0163373535198016
E218YF0627.R	11691	11504	87	0.0159952099905911
ZZ22JS052085.AD.1R.1L.UDB.164	2728492	2663950	1	0.0236548247163635
ZZ22JS052085.AD.1R.1L.UDB.164	2728492	2663950	46	0.0236548247163635
ZZ22JS052085.AD.1R.1L.UDB.164	2728492	2663950	71	0.0236548247163635
ZZ22JS052085.AD.1R.1L.UDB.164	2728492	2663950	76	0.0236548247163635
E217RT0460.R	483	395	41	0.182194616977226
E217RT0460.R	483	479	94	0.0082815734989648
CF236N0107.8D6BXX1NXF1.N002KX2P	16266	16132	75	0.00823804254272716
M118HM0342.R	7208985	7085723	23	0.0170983848627789
SRR12720810	3231	0	101	1
SRR12720810	3231	3227	10	0.00123800680903745
SRR12720810	3231	3227	14	0.00123800680903745
SRR12720810	3231	3227	22	0.00123800680903745
SRR12720810	3231	3227	27	0.00123800680903745
SRR12720810	3231	3227	32	0.00123800680903745
SRR12720810	3231	3227	33	0.00123800680903745
SRR12720810	3231	3227	34	0.00123800680903745
SRR12720810	3231	3227	48	0.00123800680903745
SRR12720810	3231	3227	83	0.00123800680903745
SRR12720810	3231	3227	85	0.00123800680903745
SRR12720810	3231	3227	95	0.00123800680903745
M117RE0443.R	2449	2364	53	0.0347080440996325
M117RE0443.R	2449	2372	63	0.0314414046549612
E217RE0131.R	82534	80774	44	0.0213245450359852
E217RE0131.R	82534	80901	55	0.0197857852521385
CF231F0200.8B6AXX1KXF1.N002J019	8398	8383	21	0.00178613955703739
MDL001.Q24C23090080L.RNA.D27.20230225	102	101	36	0.00980392156862745
MDL001.Q09C22520009L.RNA.D34.20221220	1168	1123	15	0.038527397260274
MDL001.Q09C22520009L.RNA.D34.20221220	1168	1125	1	0.0368150684931507
MDL001.Q09C22520009L.RNA.D34.20221220	1168	1127	24	0.0351027397260274
MDL001.Q09C22520009L.RNA.D34.20221220	1168	1128	90	0.0342465753424658
ZZMAX119816.1R.1L.UDB.178	6357	6124	31	0.0366525090451471
ZZMAX119816.1R.1L.UDB.178	6357	6246	41	0.0174610665408211
ZZMAX119816.1R.1L.UDB.178	6357	6264	75	0.0146295422369042
ZZMAX119816.1R.1L.UDB.178	6357	6267	91	0.0141576215195847
ZZMAX119816.1R.1L.UDB.178	6357	6267	96	0.0141576215195847
CF23660366.8D6AXX1LXF1.N002J019	877729	872762	25	0.00565892205908657
CF23660366.8D6AXX1LXF1.N002J019	877729	876077	31	0.00188212990569982
CF23660366.8D6AXX1LXF1.N002J019	877729	876170	38	0.00177617465071793
CF23660366.8D6AXX1LXF1.N002J019	877729	876171	42	0.00177503534690092
CF239E0315.8D6BXX1LXF1.N002JQ84	101571	100239	14	0.0131139793838793
CF239E0315.8D6BXX1LXF1.N002JQ84	101571	101468	27	0.00101406897638105
CF239E0315.8D6BXX1LXF1.N002JQ84	101571	101476	48	0.000935306337438836
ZZ24JS04646.AD.1R.1L.UDB.112	615869	606136	61	0.0158036855240319
ZZ24JS04646.AD.1R.1L.UDB.112	615869	606136	75	0.0158036855240319
ZDH23051800051R	490	340	26	0.306122448979592
E218YF0411.R	1029	1013	78	0.0155490767735666
E218YF0411.R	1029	1015	8	0.0136054421768707
SRR12720829	7369	7350	26	0.00257836884244809
SRR12720829	7369	7350	28	0.00257836884244809
SRR12720829	7369	7350	32	0.00257836884244809
SRR12720829	7369	7350	37	0.00257836884244809
SRR12720829	7369	7350	39	0.00257836884244809
SRR12720829	7369	7350	46	0.00257836884244809
SRR12720829	7369	7350	5	0.00257836884244809
SRR12720829	7369	7350	61	0.00257836884244809
SRR12720829	7369	7350	75	0.00257836884244809
ZZ24JS08815.AD.1R.1L.UDB.165	6	5	11	0.166666666666667
ZZ24JS08815.AD.1R.1L.UDB.165	6	5	98	0.166666666666667
SRR12720800	347	0	101	1
SRR12720800	347	194	19	0.440922190201729
SRR12720800	347	194	29	0.440922190201729
SRR12720800	347	194	40	0.440922190201729
SRR12720800	347	194	43	0.440922190201729
SRR12720800	347	194	50	0.440922190201729
SRR12720800	347	194	68	0.440922190201729
SRR12720800	347	194	86	0.440922190201729
SRR12720800	347	194	99	0.440922190201729
N218HM0249.R	24	24	12	0
N218HM0249.R	24	24	29	0
N218HM0249.R	24	24	7	0
N218HM0249.R	24	24	92	0
N218HM0249.R	24	24	94	0
ZZMAX136576.AD.1R.1L.UDB.106	39031	38011	67	0.0261330737106403
ZZMAX136576.AD.1R.1L.UDB.106	39031	38268	89	0.0195485639619789
SRR12720812	316	311	11	0.0158227848101266
SRR12720812	316	311	15	0.0158227848101266
SRR12720812	316	311	1	0.0158227848101266
SRR12720812	316	311	20	0.0158227848101266
SRR12720812	316	311	23	0.0158227848101266
SRR12720812	316	311	24	0.0158227848101266
SRR12720812	316	311	28	0.0158227848101266
SRR12720812	316	311	74	0.0158227848101266
SRR12720812	316	311	8	0.0158227848101266
SRR12720812	316	311	90	0.0158227848101266
SRR12720812	316	311	98	0.0158227848101266
SRR12720812	316	311	99	0.0158227848101266
ZDH23060900092R	36	36	19	0
ZDH23060900092R	36	36	72	0
ZDH23060900092R	36	36	79	0
ZDH23060900092R	36	36	82	0
M118YF0197.R	302	291	38	0.0364238410596026
X22JS023195	6	6	40	0
CF236B0251.8D6AXX1LXF1.N002KX2P	2896	2894	27	0.00069060773480663
CF236B0251.8D6AXX1LXF1.N002KX2P	2896	2895	57	0.000345303867403315
MDL001.Q24C22520012L.RNA.D19.20221224	19	19	24	0
MDL001.Q24C22520012L.RNA.D19.20221224	19	19	41	0
MDL001.Q24C22520012L.RNA.D19.20221224	19	19	55	0
ZDH230401551R	1780017	1777280	15	0.00153762576424832
CF23600154.8D6AXX1LXF1.N002J019	6380	6358	87	0.00344827586206897
SRR12720822	53079	52956	100	0.00231730062736676
SRR12720822	53079	52967	10	0.00211006235987867
SRR12720822	53079	52967	13	0.00211006235987867
SRR12720822	53079	52967	22	0.00211006235987867
SRR12720822	53079	52967	30	0.00211006235987867
SRR12720822	53079	52967	34	0.00211006235987867
SRR12720822	53079	52967	35	0.00211006235987867
SRR12720822	53079	52967	42	0.00211006235987867
SRR12720822	53079	52967	6	0.00211006235987867
SRR12720822	53079	52967	76	0.00211006235987867
SRR12720822	53079	52967	92	0.00211006235987867
MDL001.Q18C23050052L.RNA.A44.20230126	533	522	80	0.0206378986866792
CF231K0254.8B6AXX1PXF1.N002J019	100420	100289	12	0.00130452101175065
CF231K0254.8B6AXX1PXF1.N002J019	100420	100289	30	0.00130452101175065
CF231K0254.8B6AXX1PXF1.N002J019	100420	100289	40	0.00130452101175065
CF231K0254.8B6AXX1PXF1.N002J019	100420	100289	45	0.00130452101175065
CF231K0254.8B6AXX1PXF1.N002J019	100420	100289	57	0.00130452101175065
CF231K0254.8B6AXX1PXF1.N002J019	100420	100289	74	0.00130452101175065
CF231K0254.8B6AXX1PXF1.N002J019	100420	100289	79	0.00130452101175065
MAX153830	2381	2319	52	0.0260394792104158
SRR12720825	460806	458739	16	0.00448561867684014
SRR12720825	460806	458739	2	0.00448561867684014
SRR12720825	460806	458763	47	0.00443353602166638
SRR12720825	460806	458764	5	0.00443136591103414
SRR12720825	460806	458764	70	0.00443136591103414
SRR12720825	460806	458764	71	0.00443136591103414
SRR12720825	460806	458764	78	0.00443136591103414
SRR12720825	460806	458764	89	0.00443136591103414
SRR12720825	460806	458764	8	0.00443136591103414
SRR12720825	460806	458764	90	0.00443136591103414
CF23BS0175.8D6BXX1NXF1.N002JQ84	27828	27740	12	0.00316228259307173
CF23BS0175.8D6BXX1NXF1.N002JQ84	27828	27801	60	0.000970245795601552
SRR12720793	219	160	17	0.269406392694064
SRR12720793	219	219	27	0
SRR12720793	219	219	31	0
SRR12720793	219	219	33	0
SRR12720793	219	219	37	0
SRR12720793	219	219	39	0
SRR12720793	219	219	3	0
SRR12720793	219	219	41	0
SRR12720793	219	219	43	0
SRR12720793	219	219	51	0
SRR12720793	219	219	53	0
SRR12720793	219	219	57	0
SRR12720793	219	219	69	0
SRR12720793	219	219	75	0
SRR12720793	219	219	91	0
SRR12720793	219	219	95	0
SRR12720793	219	219	96	0
CF236V0277.8D6AXX1LXF1.N002J019	70216	70042	15	0.00247806767688276
CF236V0277.8D6AXX1LXF1.N002J019	70216	70086	97	0.0018514298735331
CF231D0159.8B6AXX1LXF1.N002L001	3760	3730	22	0.00797872340425532
CF231D0159.8B6AXX1LXF1.N002L001	3760	3758	43	0.000531914893617021
CF231D0159.8B6AXX1LXF1.N002L001	3760	3758	99	0.000531914893617021
N217RE0285.R	49	49	10	0
N217RE0285.R	49	49	13	0
N217RE0285.R	49	49	22	0
N217RE0285.R	49	49	30	0
N217RE0285.R	49	49	35	0
N217RE0285.R	49	49	42	0
N217RE0285.R	49	49	76	0
SRR12720805	26487	26443	18	0.00166119228300676
SRR12720805	26487	26443	28	0.00166119228300676
SRR12720805	26487	26443	2	0.00166119228300676
SRR12720805	26487	26443	41	0.00166119228300676
SRR12720805	26487	26443	45	0.00166119228300676
SRR12720805	26487	26443	49	0.00166119228300676
SRR12720805	26487	26443	54	0.00166119228300676
SRR12720805	26487	26443	56	0.00166119228300676
SRR12720805	26487	26443	60	0.00166119228300676
SRR12720805	26487	26443	69	0.00166119228300676
SRR12720805	26487	26443	8	0.00166119228300676
SRR12720805	26487	26443	90	0.00166119228300676
CF238H0204.8D6BXX1QXF1.N002JQ84	146978	146445	3	0.00362639306562887
CF238H0204.8D6BXX1QXF1.N002JQ84	146978	146829	55	0.00101375716093565
ZZMAX83650.1R.1L.UDB.169	2275	1718	72	0.244835164835165
CF231C0483.8B6AXX1LXF1.N002J019	11	11	14	0
CF231C0483.8B6AXX1LXF1.N002J019	11	11	16	0
CF231C0483.8B6AXX1LXF1.N002J019	11	11	23	0
CF231C0483.8B6AXX1LXF1.N002J019	11	11	26	0
CF231C0483.8B6AXX1LXF1.N002J019	11	11	62	0
CF231C0483.8B6AXX1LXF1.N002J019	11	11	67	0
CF230K0227.8D6BXX1PXF1.N002JQ84	1246	1234	98	0.00963081861958266
CF238P0421.8D6BXX1ZXF1.N002JQ84	5950	5940	11	0.00168067226890756
CF238P0421.8D6BXX1ZXF1.N002JQ84	5950	5943	42	0.00117647058823529
CF238P0421.8D6BXX1ZXF1.N002JQ84	5950	5943	48	0.00117647058823529
CF238P0421.8D6BXX1ZXF1.N002JQ84	5950	5943	81	0.00117647058823529
CF238P0421.8D6BXX1ZXF1.N002JQ84	5950	5943	97	0.00117647058823529
CF237Q0499.8B6BXX2IXF1.N002KX2P	58211	57922	40	0.00496469739396334
CF237Q0499.8B6BXX2IXF1.N002KX2P	58211	58136	85	0.00128841627871021
CF235M0129.8D6AXX1ZXF1.N002J019	591	170	63	0.712351945854484
CF235M0129.8D6AXX1ZXF1.N002J019	591	582	69	0.0152284263959391
CF235M0129.8D6AXX1ZXF1.N002J019	591	591	90	0
MBX112038	117	115	47	0.0170940170940171
ZZ22JS021543.1R.1L.UDB.161	107	98	12	0.0841121495327103
ZZ22JS021543.1R.1L.UDB.161	107	105	69	0.0186915887850467
ZZ22JS021543.1R.1L.UDB.161	107	105	86	0.0186915887850467
ZZ22JS022628.1R.1L.UDB.186	12	12	51	0
X22JS062715	5746	5580	6	0.0288896623738253
X22JS062715	5746	5589	9	0.027323355377654
CF236V0321.8D6AXX1LXF1.N002J019	205174	202434	35	0.0133545186037217
CF236V0321.8D6AXX1LXF1.N002J019	205174	204888	78	0.00139393880316219
CF236V0321.8D6AXX1LXF1.N002J019	205174	204893	97	0.00136956924366635
ZDH23060600052R	1710	0	4	1
ZDH23060600052R	1710	1707	91	0.00175438596491228
MDL001.Q24C23030015L.RNA.C19.20230113	1325	1299	19	0.019622641509434
MDL001.Q24C23030015L.RNA.C19.20230113	1325	1316	29	0.00679245283018868
MDL001.Q24C23030015L.RNA.C19.20230113	1325	1316	62	0.00679245283018868
MDL001.Q24C23030015L.RNA.C19.20230113	1325	1316	72	0.00679245283018868
N218HM0219.R	76655	74588	18	0.0269649729306634
N218HM0219.R	76655	74699	25	0.0255169264888135
CF23030059.8D6BXX1NXF1.N002JQ84	22096	22077	99	0.00085988414192614
M118HM0322.R	1	0	70	1
M118HM0322.R	1	0	86	1
ZZ22JS047632.1R.1L.UDB.142	12238	11996	28	0.0197744729530969
ZZ22JS047632.1R.1L.UDB.142	12238	12015	2	0.0182219316881843
ZZ22JS047632.1R.1L.UDB.142	12238	12018	56	0.0179767935937245
M118HM0326.R	1	1	23	0
M118HM0326.R	1	1	86	0
M118HM0326.R	1	1	98	0
ZZ22JS06247101.AD.1R.1L.UDB.133	784	766	13	0.0229591836734694
ZZ22JS06247101.AD.1R.1L.UDB.133	784	769	50	0.0191326530612245
ZZ22JS06247101.AD.1R.1L.UDB.133	784	769	58	0.0191326530612245
ZDH230500481R	65722	65539	16	0.00278445573780469
ZDH230500481R	65722	65584	71	0.00209975350719698
ZDH230500481R	65722	65585	9	0.00208453790207237
M118HM0358.R	31	30	27	0.032258064516129
M118HM0358.R	31	30	39	0.032258064516129
M118HM0358.R	31	30	7	0.032258064516129
M118HM0288.R	1127415	1108943	36	0.016384383745116
M118HM0288.R	1127415	1108943	66	0.016384383745116
M118HM0288.R	1127415	1108990	82	0.0163426954581942
M117RE0246.R	1116	1069	88	0.0421146953405018
M117RE0246.R	1116	1080	93	0.032258064516129
CF231B0440.8B6AXX1VXF1.N002J019	16814	16755	40	0.00350898061139527
CF231B0440.8B6AXX1VXF1.N002J019	16814	16799	47	0.000892113714761508
CF231B0440.8B6AXX1VXF1.N002J019	16814	16799	64	0.000892113714761508
SRR12720811	1254246	1252411	23	0.00146303037841061
SRR12720811	1254246	1252411	26	0.00146303037841061
SRR12720811	1254246	1252411	62	0.00146303037841061
SRR12720811	1254246	1252411	71	0.00146303037841061
SRR12720811	1254246	1252411	76	0.00146303037841061
SRR12720811	1254246	1252411	78	0.00146303037841061
SRR12720811	1254246	1252411	7	0.00146303037841061
SRR12720811	1254246	1252411	83	0.00146303037841061
ZZ22JS052116.1R.1L.UDB.110	7424	7243	19	0.0243803879310345
ZZ22JS052116.1R.1L.UDB.110	7424	7268	47	0.0210129310344828
ZZ22JS052116.1R.1L.UDB.110	7424	7268	5	0.0210129310344828
N117RE0115.R	919	882	42	0.0402611534276387
N117RE0115.R	919	898	54	0.0228509249183896
N117RE0115.R	919	898	77	0.0228509249183896
X21JS942944	1587366	1570414	28	0.0106793266329252
X22JS062980	1525	1459	3	0.0432786885245902
CF232N0139.8D6AXX1LXF1.N002J019	89	88	20	0.0112359550561798
CF232N0139.8D6AXX1LXF1.N002J019	89	89	56	0
ZDH23052200112R	4281	4273	100	0.00186872226115394
E218YJ0353.R	331862	326862	59	0.0150665035466549
ZZ22JS062855.AD.1R.1L.UDB.191	237619	232778	57	0.0203729499745391
ZZ22JS062855.AD.1R.1L.UDB.191	237619	232927	80	0.0197458957406605
ZZMAX154277.AD.1R.1L.UDB.183	112398	110149	1	0.0200092528336803
ZZMAX154277.AD.1R.1L.UDB.183	112398	110170	24	0.0198224167689817
ZZMAX154277.AD.1R.1L.UDB.183	112398	110170	87	0.0198224167689817
ZZMAX154277.AD.1R.1L.UDB.183	112398	110171	89	0.0198135198135198
ZZMAX154277.AD.1R.1L.UDB.183	112398	110171	95	0.0198135198135198
WHMAX12180001.1R.1L.UDB.170	4481	4312	82	0.0377147958045079
ZDH221200131R	475	472	83	0.00631578947368421
ZDH221200131R	475	472	87	0.00631578947368421
MDL001.Q09C23030031L.RNA.A07.20230110	1765	1399	41	0.207365439093484
MDL001.Q09C23030031L.RNA.A07.20230110	1765	1741	54	0.0135977337110482
MDL001.Q09C23030031L.RNA.A07.20230110	1765	1744	8	0.0118980169971671
M118HM0214.R	5	5	79	0
M118HM0214.R	5	5	90	0
M118HM0214.R	5	5	92	0
S118YF0150.R	2227707	2223336	18	0.00196210722505249
S118YF0150.R	2227707	2223336	49	0.00196210722505249
SRR12720851	76915	76676	21	0.00310732626925827
SRR12720851	76915	76676	29	0.00310732626925827
SRR12720851	76915	76676	2	0.00310732626925827
SRR12720851	76915	76676	36	0.00310732626925827
SRR12720851	76915	76676	43	0.00310732626925827
SRR12720851	76915	76676	59	0.00310732626925827
SRR12720851	76915	76676	63	0.00310732626925827
SRR12720851	76915	76676	64	0.00310732626925827
SRR12720851	76915	76676	75	0.00310732626925827
ZZ22JS032998.AD.1R.1L.UDB.108	27	27	14	0
ZZ22JS032998.AD.1R.1L.UDB.108	27	27	38	0
SRR12720827	106194	0	101	1
SRR12720827	106194	55728	26	0.475224588959828
SRR12720827	106194	55728	49	0.475224588959828
SRR12720827	106194	55728	50	0.475224588959828
SRR12720827	106194	55728	54	0.475224588959828
SRR12720827	106194	55728	65	0.475224588959828
SRR12720827	106194	55728	7	0.475224588959828
SRR12720827	106194	55728	80	0.475224588959828
SRR12720827	106194	55728	87	0.475224588959828
SRR12720827	106194	55728	89	0.475224588959828
SRR12720827	106194	55728	96	0.475224588959828
CF243F0058.8F6AXXJ41F1.N008JQ84	13	13	91	0
CF243F0058.8F6AXXJ41F1.N008JQ84	13	13	94	0
X22JS062974	5	5	52	0
X22JS062974	5	5	95	0
X22JS062974	5	5	9	0
ZZ22JS022633.1R.1L.UDB.105	40	39	71	0.025
ZZ22JS062828.AD.1R.1L.UDB.158	293875	288197	10	0.0193211399404509
ZZ22JS062828.AD.1R.1L.UDB.158	293875	288197	22	0.0193211399404509
ZZ22JS062828.AD.1R.1L.UDB.158	293875	288197	34	0.0193211399404509
ZZ22JS062828.AD.1R.1L.UDB.158	293875	288197	83	0.0193211399404509
ZZ22JS062828.AD.1R.1L.UDB.158	293875	288197	85	0.0193211399404509
ZDH230100411R	2	2	3	0
ZDH230100411R	2	2	41	0
ZDH230100411R	2	2	63	0
ZDH230100411R	2	2	68	0
E218YJ0464.R	34041	33566	36	0.0139537616403748
E218YJ0464.R	34041	33567	82	0.0139243853000793
MDL001.Q18C22530029L.RNA.D28.20221229	29	28	46	0.0344827586206897
MDL001.Q18C22530029L.RNA.D28.20221229	29	28	62	0.0344827586206897
MDL001.Q18C22530029L.RNA.D28.20221229	29	28	65	0.0344827586206897
MDL001.Q18C22530029L.RNA.D28.20221229	29	28	96	0.0344827586206897
N218YF0176.R	1455	1412	2	0.029553264604811
N218YF0176.R	1455	1423	5	0.0219931271477663
N218YF0176.R	1455	1431	71	0.0164948453608247
CF238W0015.8D6BXX1PXF1.N002JQ84	1134	1134	30	0
CF238W0015.8D6BXX1PXF1.N002JQ84	1134	1134	72	0
SRR12720797	166164	86218	19	0.481127079271082
SRR12720797	166164	86218	38	0.481127079271082
SRR12720797	166164	86218	40	0.481127079271082
SRR12720797	166164	86218	52	0.481127079271082
SRR12720797	166164	86218	54	0.481127079271082
SRR12720797	166164	86218	77	0.481127079271082
SRR12720797	166164	86218	85	0.481127079271082
SRR12720797	166164	86218	92	0.481127079271082
N117RN0117.R	6920	6618	45	0.0436416184971098
N117RN0117.R	6920	6749	90	0.0247109826589595
ZDH23063000082R	1	1	2	0
ZDH23063000082R	1	1	35	0
ZDH23063000082R	1	1	70	0
ZZ22JS062796.AD.1R.1L.UDB.183	4051	3922	32	0.0318439891384843
ZZ22JS062796.AD.1R.1L.UDB.183	4051	3947	90	0.0256726734139719
SRR12720814	29079	29021	100	0.00199456652567145
SRR12720814	29079	29022	1	0.00196017744764263
SRR12720814	29079	29023	24	0.00192578836961381
SRR12720814	29079	29023	36	0.00192578836961381
SRR12720814	29079	29023	61	0.00192578836961381
SRR12720814	29079	29023	85	0.00192578836961381
SRR12720814	29079	29024	87	0.00189139929158499
SRR12720814	29079	29024	89	0.00189139929158499
SRR12720814	29079	29024	93	0.00189139929158499
SRR12720814	29079	29024	95	0.00189139929158499
SRR12720834	1701	1701	25	0
SRR12720834	1701	1701	26	0
SRR12720834	1701	1701	35	0
SRR12720834	1701	1701	4	0
SRR12720834	1701	1701	54	0
SRR12720834	1701	1701	61	0
SRR12720834	1701	1701	67	0
SRR12720834	1701	1701	68	0
SRR12720834	1701	1701	73	0
SRR12720834	1701	1701	89	0
SRR12720834	1701	1701	91	0
SRR12720834	1701	1701	94	0
X21JS942954	22	19	11	0.136363636363636
X21JS942954	22	19	28	0.136363636363636
X21JS942954	22	19	59	0.136363636363636
X21JS942954	22	19	73	0.136363636363636
X21JS942954	22	19	82	0.136363636363636
ZDH23061600041R	395	394	18	0.00253164556962025
SRR12720858	3916687	3913293	13	0.000866548692811042
SRR12720858	3916687	3913293	30	0.000866548692811042
SRR12720858	3916687	3913299	72	0.000865016785870303
SRR12720858	3916687	3913300	91	0.000864761468046847
SRR12720858	3916687	3913300	92	0.000864761468046847
SRR12720858	3916687	3913301	96	0.00086450615022339
M118HM0143.R	2	2	81	0
ZZ22JS022625.1R.1L.UDB.108	629	621	99	0.0127186009538951
M117TA0317.R	16	15	24	0.0625
M117TA0317.R	16	15	25	0.0625
M117TA0317.R	16	15	53	0.0625
M118HM0283.R	1	1	22	0
M118HM0283.R	1	1	73	0
M118HM0208.R	7	7	45	0
M118HM0208.R	7	7	59	0
ZZMAX139638.AD.1R.1L.UDB.145	261805	257335	11	0.0170737762838754
ZZMAX139638.AD.1R.1L.UDB.145	261805	257335	44	0.0170737762838754
ZZMAX139638.AD.1R.1L.UDB.145	261805	257335	6	0.0170737762838754
ZDH230401031R	2	2	93	0
ZDH23060600022R	87672	87502	25	0.00193904553335158
ZDH23060600022R	87672	87581	37	0.00103795966785291
ZDH23060600022R	87672	87581	65	0.00103795966785291
ZDH23060600022R	87672	87581	70	0.00103795966785291
ZDH23060600022R	87672	87581	79	0.00103795966785291
CF234D0113.8D6AXX1MXF1.N002J019	1579	1560	73	0.0120329322355921
CF231C0481.8B6AXX1LXF1.N002J019	115109	114915	21	0.00168535909442355
CF231C0481.8B6AXX1LXF1.N002J019	115109	114917	77	0.00166798425839856
SRR12720837	786441	410975	1	0.477424244158176
SRR12720837	786441	410975	43	0.477424244158176
SRR12720837	786441	410975	64	0.477424244158176
SRR12720837	786441	410975	66	0.477424244158176
SRR12720837	786441	410975	83	0.477424244158176
SRR12720837	786441	410975	93	0.477424244158176
SRR12720855	44078	43967	16	0.00251826307908707
SRR12720855	44078	43972	32	0.00240482780525432
SRR12720855	44078	43972	46	0.00240482780525432
SRR12720855	44078	43972	47	0.00240482780525432
SRR12720855	44078	43972	67	0.00240482780525432
SRR12720855	44078	43972	74	0.00240482780525432
SRR12720855	44078	43972	78	0.00240482780525432
SRR12720855	44078	43972	90	0.00240482780525432
SRR12720809	5142	5142	11	0
SRR12720809	5142	5142	13	0
SRR12720809	5142	5142	15	0
SRR12720809	5142	5142	38	0
SRR12720809	5142	5142	42	0
SRR12720809	5142	5142	45	0
SRR12720809	5142	5142	48	0
SRR12720809	5142	5142	49	0
SRR12720809	5142	5142	53	0
SRR12720809	5142	5142	60	0
SRR12720809	5142	5142	76	0
SRR12720809	5142	5142	77	0
SRR12720809	5142	5142	96	0
ZZ24JS11713.AD.1R.1L.UDB.183	13	13	49	0
ZZ24JS11713.AD.1R.1L.UDB.183	13	13	9	0
M217RT0158.R	462	454	80	0.0173160173160173
M217RT0158.R	462	454	96	0.0173160173160173
ZZ22JS06607401.AD.1R.1L.UDB.140	226	221	32	0.0221238938053097
E218YF0152.R	294412	289122	43	0.0179680176079779
E218YF0152.R	294412	290735	64	0.0124893007078516
E218YF0152.R	294412	290736	66	0.0124859041071695
E218YF0321.R	512919	504647	25	0.0161273027515066
E218YF0321.R	512919	508140	35	0.00931726062009791
E218YF0321.R	512919	508204	54	0.00919248458333577
CF24370096.8F6AXXJ41F1.N008JQ84	1103638	1089191	15	0.0130903430291454
CF24370096.8F6AXXJ41F1.N008JQ84	1103638	1099100	93	0.0041118555178419
M117RN0124.R	123	117	50	0.0487804878048781
M117RN0124.R	123	118	8	0.040650406504065
M117RT0313.R	716	693	23	0.032122905027933
M117RT0313.R	716	699	26	0.0237430167597765
M117RN0125.R	15561	15286	10	0.0176723860934387
M117RN0125.R	15561	15290	30	0.0174153332048069
CF237H0187.8D6BXX1ZXF1.N002J019	527	525	47	0.00379506641366224
CF237H0187.8D6BXX1ZXF1.N002J019	527	525	55	0.00379506641366224
CF237H0187.8D6BXX1ZXF1.N002J019	527	525	64	0.00379506641366224
CF237H0187.8D6BXX1ZXF1.N002J019	527	525	86	0.00379506641366224
CF237H0187.8D6BXX1ZXF1.N002J019	527	525	96	0.00379506641366224
CF237H0187.8D6BXX1ZXF1.N002J019	527	525	97	0.00379506641366224
ZZMAX91082.1R.1L.UDB.110	123	121	17	0.016260162601626
ZZMAX91082.1R.1L.UDB.110	123	121	31	0.016260162601626
ZZMAX91082.1R.1L.UDB.110	123	121	6	0.016260162601626
ZZMAX91082.1R.1L.UDB.110	123	121	77	0.016260162601626
ZZMAX91082.1R.1L.UDB.110	123	121	93	0.016260162601626
M118LA0126.R	1230798	1211054	50	0.016041625027015
M118LA0126.R	1230798	1211054	65	0.016041625027015
SRR12720848	97269	50777	12	0.477973455057624
SRR12720848	97269	50777	15	0.477973455057624
SRR12720848	97269	50777	19	0.477973455057624
SRR12720848	97269	50777	27	0.477973455057624
SRR12720848	97269	50777	29	0.477973455057624
SRR12720848	97269	50777	38	0.477973455057624
SRR12720848	97269	50777	3	0.477973455057624
SRR12720848	97269	50777	41	0.477973455057624
SRR12720848	97269	50777	44	0.477973455057624
SRR12720848	97269	50777	48	0.477973455057624
SRR12720848	97269	50777	52	0.477973455057624
SRR12720848	97269	50777	62	0.477973455057624
SRR12720848	97269	50777	63	0.477973455057624
SRR12720848	97269	50777	64	0.477973455057624
SRR12720848	97269	50777	68	0.477973455057624
SRR12720848	97269	50777	72	0.477973455057624
SRR12720848	97269	50777	77	0.477973455057624
SRR12720848	97269	50777	89	0.477973455057624
MDL001.Q24C23040031L.RNA.A37.20230120	3	3	13	0
MDL001.Q24C23040031L.RNA.A37.20230120	3	3	53	0
ZZ22JS109636.AD.1R.1L.UDB.165	4494	4362	99	0.0293724966622163
SRR12720826	1423	1419	33	0.0028109627547435
SRR12720826	1423	1420	58	0.00210822206605762
SRR12720826	1423	1420	62	0.00210822206605762
SRR12720826	1423	1420	77	0.00210822206605762
SRR12720826	1423	1420	79	0.00210822206605762
SRR12720826	1423	1420	81	0.00210822206605762
SRR12720826	1423	1420	84	0.00210822206605762
SRR12720826	1423	1420	85	0.00210822206605762
SRR12720826	1423	1420	93	0.00210822206605762
SRR12720826	1423	1420	98	0.00210822206605762
SRR12720826	1423	1420	99	0.00210822206605762
S117RN0150.R	9961	9912	49	0.00491918482080112
S117RN0150.R	9961	9936	59	0.00250978817387812
S117RN0150.R	9961	9936	84	0.00250978817387812
SRR12720795	0	0	17	NA
SRR12720795	0	0	1	NA
SRR12720795	0	0	23	NA
SRR12720795	0	0	24	NA
SRR12720795	0	0	3	NA
SRR12720795	0	0	45	NA
SRR12720795	0	0	51	NA
SRR12720795	0	0	59	NA
SRR12720795	0	0	66	NA
SRR12720795	0	0	71	NA
SRR12720795	0	0	7	NA
SRR12720795	0	0	8	NA
SRR12720795	0	0	92	NA
SRR12720795	0	0	98	NA
