sample	n_reads	n_SARS-cov-2	n_closest_Bat	n_SARS-cov-1	Other	ExpectedMissingRatio_without_SARS_cov_2	ExpectedMissingRatio_if_without_Closet_Bat
N218HM0249.R	24	12	15	8	9	0.375	0.583333333333333	NA
CF236B0251.8D6AXX1LXF1.N002KX2P	2896	1899	2535	1092	974	0.12085635359116	0.593232044198895	NA
N218HM0187.R	27	18	21	12	11	0.185185185185185	0.518518518518518	NA
X21JS942944	1587366	940778	1278373	532845	475982	0.188197932927882	0.628005765526035	NA
ZDH23052200112R	4281	3996	3817	3229	3021	0.095538425601495	0.217005372576501	NA
CF23620301.8D6AXX1LXF1.N002J019	2537	1631	2171	877	775	0.139140717382736	0.621206148994876	NA
ZDH23051800051R	490	465	449	391	354	0.0693877551020408	0.183673469387755	NA
ZZMAX119816.1R.1L.UDB.178	6357	3804	5384	2266	2077	0.145036967122857	0.613654239421111	NA
M117RT0292.R	2	1	2	1	1	0	0.5	NA
CF239E0315.8D6BXX1LXF1.N002JQ84	101571	57665	87127	30913	27542	0.13735219698536	0.66855697000128	NA
N117RN0130.R	963	607	762	308	306	0.204569055036345	0.598130841121495	NA
ZDH230101721R	86586	82032	79911	68394	64643	0.0627237659667845	0.179313052918486	NA
MDL001.Q24C23030015L.RNA.C19.20230113	1325	840	1136	454	413	0.135849056603774	0.629433962264151	NA
PB23660369.8D6AXX1LXF1.N002KX2P	914	575	786	326	278	0.135667396061269	0.62253829321663	NA
MDL001.Q09C23030037T.RNA.A08.20230110	1	1	1	0	0	0	1	NA
MDL001.Q24C22520012L.RNA.D19.20221224	19	9	15	4	3	0.210526315789474	0.789473684210526	NA
MDL001.Q11C23020193L.RNA.D48.20230109	53	30	43	18	12	0.188679245283019	0.660377358490566	NA
SRR12720795	0	0	0	0	0	NA	NA	NA
SRR12720815	6618	6348	6147	5671	5406	0.0705651254155334	0.136748262314899	NA
SRR12720797	86220	85823	84484	80971	77103	0.0130944096497332	0.0535026675945256	NA
N217RE0120.R	17573	10844	14010	5938	5379	0.198713936152051	0.622090707335116	NA
CF238H0204.8D6BXX1QXF1.N002JQ84	146978	81629	124341	42901	38041	0.149505368150335	0.684034345276164	NA
ZDH23062100091R	14	13	12	9	9	0.0714285714285714	0.285714285714286	NA
E217RT0353.R	91	47	75	20	19	0.153846153846154	0.736263736263736	NA
M117RE0134.R	2	1	2	1	1	0	0.5	NA
MAX138984	131	75	113	43	39	0.129770992366412	0.633587786259542	NA
M117RE0443.R	2449	1484	1974	828	719	0.190690077582687	0.643936300530829	NA
M118YF0291.R	170	84	125	52	45	0.264705882352941	0.670588235294118	NA
MDL001.Q24C23080011L.RNA.A09.20230217	1	1	1	1	1	0	0	NA
ZZ22JS062765.AD.1R.1L.UDB.191	4	4	4	3	2	0	0.25	NA
MDL001.Q09C23040039L.RNA.C48.20230117	9	6	4	4	2	0.555555555555556	0.555555555555556	NA
ZDH23060600052R	1710	1591	1549	1311	1237	0.083625730994152	0.201754385964912	NA
E218YF0474.R	1742684	1031786	1413472	582163	527369	0.183205331546052	0.631088596670423	NA
S217RT0481.R	559	345	462	191	185	0.162790697674419	0.611806797853309	NA
ZZ22JS022634.1R.1L.UDB.106	70	36	58	20	19	0.171428571428571	0.7	NA
SRR12720804	11390	11086	10730	10344	9929	0.0547848990342406	0.0766461808604039	NA
ZDH230100321R	11073	10607	10367	8931	8439	0.0518378036665764	0.162376952948614	NA
MDL001.Q09C22520017N.RNA.A04.20221221	1	0	1	0	0	0	1	NA
MDL001.Q24C22520006L.RNA.D11.20221223	1238	788	1045	430	369	0.146203554119548	0.627625201938611	NA
ZDH23060900092R	36	30	29	23	23	0.138888888888889	0.277777777777778	NA
ZZMAX127430.1R.1L.UDB.179	1583781	972115	1328813	591236	542172	0.151507689510103	0.592091962209422	NA
ZZ24JS04646.AD.1R.1L.UDB.112	615869	373419	516597	210768	190788	0.154834875598545	0.629190623330611	NA
X22JS023195	6	5	6	4	4	0	0.333333333333333	NA
ZDH221200291R	1	1	1	1	1	0	0	NA
M118HM0283.R	1	1	1	1	1	0	0	NA
M217RT0115.R	3591	2182	2927	1208	1100	0.176830966304651	0.621832358674464	NA
M118HM0181.R	134	91	110	53	46	0.17910447761194	0.574626865671642	NA
MDL001.Q24C22520013L.RNA.D20.20221224	1895	1201	1573	633	561	0.165699208443272	0.645910290237467	NA
M118HM0160.R	11	6	11	4	5	0	0.454545454545455	NA
M118YJ0170.R	151	103	129	51	45	0.132450331125828	0.609271523178808	NA
CF24370096.8F6AXXJ41F1.N008JQ84	1103638	558466	960711	302937	271629	0.124923208515836	0.70172465971632	NA
MDL001.Q18C23050052L.RNA.A44.20230126	533	339	457	189	166	0.135084427767355	0.624765478424015	NA
S118YF0150.R	2227707	2058228	1992982	1711499	1576068	0.0915623104833804	0.2120242922431	NA
E218YF0411.R	1029	655	877	361	369	0.139941690962099	0.577259475218659	NA
SRR12720844	8876	8487	8339	7754	7625	0.0463046417305092	0.101397025687247	NA
ZZ22JS022625.1R.1L.UDB.108	629	379	538	231	222	0.139904610492846	0.604133545310016	NA
MDL001.Q24C23040031L.RNA.A37.20230120	3	1	2	0	0	0.333333333333333	1	NA
SRR12720802	2365827	2261068	2208997	2039736	1955531	0.0570430551346316	0.11780996666282	NA
ZZ22JS022633.1R.1L.UDB.105	40	29	35	18	21	0.125	0.425	NA
SRR12720814	29079	27890	27267	25150	24255	0.0530967364764951	0.116578974517693	NA
CF23600154.8D6AXX1LXF1.N002J019	6380	4090	5523	2220	1984	0.129937304075235	0.624137931034483	NA
SRR12720858	3916687	3769761	3710530	3389161	3227669	0.0442792594863976	0.116033269954939	NA
CF230K0225.8D6BXX1PXF1.N002JQ84	66582	39597	58261	21700	19406	0.119656964344718	0.648778949265567	NA
CF231B0440.8B6AXX1VXF1.N002J019	16814	9832	14715	5277	4718	0.119840609016296	0.658023076008089	NA
E218HM0175.R	15	12	12	10	10	0.2	0.333333333333333	NA
M118HM0325.R	21	13	18	8	8	0.142857142857143	0.619047619047619	NA
ZDH23061100011R	11077	10289	9910	8503	8025	0.091721585266769	0.200686106346484	NA
X22JS062829	6833629	4088169	5726117	2227255	1995172	0.156399769434366	0.647135804416658	NA
CF239A0326.8D6BXX1VXF1.N002JQ84	617980	314433	530744	167422	148939	0.136980161170264	0.707215443865497	NA
N117RE0115.R	919	558	772	342	288	0.154515778019587	0.601741022850925	NA
ZDH230100411R	2	2	2	2	1	0	0	NA
CF23BS0175.8D6BXX1NXF1.N002JQ84	27828	17523	24496	9545	8435	0.114237458674716	0.629294236021274	NA
CF23630127.8D6AXX1LXF1.N002J019	48649	29785	41820	15964	14070	0.135028469238833	0.643404797632017	NA
CF23820402.8D6BXX1LXF1.N002J019	144639	80082	122718	42832	38232	0.147235531219104	0.680909021771445	NA
M118HM0143.R	2	2	2	0	0	0	1	NA
X21JS942954	22	9	14	5	3	0.363636363636364	0.727272727272727	NA
ZDH221200141R	724622	685482	666924	563969	532018	0.0656107598168424	0.185990764840151	NA
CF231C0481.8B6AXX1LXF1.N002J019	115109	66363	99951	35427	31462	0.12701005134264	0.665543093937051	NA
CF231K0254.8B6AXX1PXF1.N002J019	100420	59194	87287	31897	28424	0.125592511451902	0.656532563234415	NA
CF23660320.8D6AXX1LXF1.N002J019	53401	32525	46446	17686	15650	0.125334731559334	0.642272616617666	NA
ZDH23050900052R	10472	9690	9149	7732	7246	0.108384262796028	0.229660045836516	NA
SRR12720806	69049	66648	65559	60776	58277	0.0416370982925169	0.101377282799172	NA
ZDH23062200081R	1879973	1757564	1700222	1475383	1397145	0.0778495223069693	0.180615359901445	NA
ZZ24JS08815.AD.1R.1L.UDB.165	6	5	4	3	2	0.333333333333333	0.5	NA
MDL001.Q09C23030030L.RNA.A06.20230110	3	3	3	1	2	0	0.333333333333333	NA
ZZMAX120304.1R.1L.UDB.104	3	3	3	2	2	0	0.333333333333333	NA
ZZ22JS021652.1R.1L.UDB.184	801	493	653	296	259	0.173533083645443	0.605493133583021	NA
ZZ22JS117088.AD.1R.1L.UDB.189	15	8	11	4	3	0.266666666666667	0.733333333333333	NA
MDL001.Q18C22530029L.RNA.D28.20221229	29	20	25	11	11	0.137931034482759	0.586206896551724	NA
X22JS062980	1525	883	1265	448	412	0.161967213114754	0.677377049180328	NA
ZDH23053000011R	157850	146828	139831	118612	112281	0.0976179917643332	0.214558124802027	NA
ZZ22JS022628.1R.1L.UDB.186	12	7	10	4	4	0.166666666666667	0.666666666666667	NA
CF231B0298.8B6AXX1LXF1.N002J019	19663	12662	17155	6758	6047	0.122666937903677	0.625489498042008	NA
ZZ22JS047639.1R.1L.UDB.166	3909	2494	3332	1479	1315	0.138142747505756	0.580711179329752	NA
E218YF0627.R	11691	6986	9544	3875	3479	0.17817124283637	0.636900179625353	NA
ZDH230401031R	2	2	2	2	2	0	0	NA
X22JS062715	5746	3261	4667	1746	1605	0.181691611555865	0.663940132265924	NA
ZZ22JS022632.1R.1L.UDB.107	5095	3056	4247	1841	1691	0.155642787046124	0.604906771344455	NA
CF235K0129.8D6AXX1ZXF1.N002J019	964677	453928	815930	238468	213650	0.149956928588533	0.730270339191253	NA
CF237H0187.8D6BXX1ZXF1.N002J019	527	337	464	193	175	0.117647058823529	0.599620493358634	NA
SRR12720820	18484	17681	17288	15772	15200	0.0560484743562	0.129625622159706	NA
CF236G0177.8D6AXX1LXF1.N002J019	9259	6058	8181	3345	2974	0.110919105734961	0.610001080030241	NA
N218YF0176.R	1455	906	1190	534	461	0.175945017182131	0.600687285223368	NA
SRR12720811	1254246	1198935	1170775	1082563	1039180	0.0578881654794992	0.118179368321685	NA
CF237Q0499.8B6BXX2IXF1.N002KX2P	58211	35072	50718	18826	16657	0.123602068337599	0.649533593307107	NA
S217RN0396.R	3473	2222	2907	1280	1174	0.156636913331414	0.599193780593147	NA
E218YJ0464.R	34041	19178	25738	10336	11229	0.241708527951588	0.611233512529009	NA
M217RT0156.R	3668	2270	3001	1225	1095	0.177480916030534	0.637404580152672	NA
CF23550199.8D6AXX1ZXF1.N002KX2P	365163	192208	312836	102216	90224	0.138817459600233	0.697348855168788	NA
M117RN0124.R	123	66	92	31	29	0.252032520325203	0.731707317073171	NA
CF236C0325.8D6AXX1LXF1.N002J019	7311	4712	6422	2602	2298	0.116399945287922	0.615784434413897	NA
RNA.1233184390	30514	28634	27731	23522	22176	0.078324703414826	0.198335190404405	NA
SRR12720832	1517	1433	1431	1276	1235	0.047462096242584	0.142386288727752	NA
M118HM0214.R	5	3	5	2	1	0	0.6	NA
CF235U0224.8D6AXX1LXF1.N002J019	1065	663	919	343	290	0.132394366197183	0.651643192488263	NA
CF23660366.8D6AXX1LXF1.N002J019	877729	429118	739063	228216	201591	0.15376158244743	0.71741619565948	NA
SRR12720827	55729	54625	53994	51514	49680	0.0250497945414416	0.0639523407920472	NA
S117RN0150.R	9961	9265	8862	7676	7244	0.0977813472542917	0.204397148880634	NA
M117RE0246.R	1116	712	920	404	365	0.172939068100358	0.601254480286738	NA
M118HM0288.R	1127415	676708	920966	385291	343315	0.177665722027825	0.625836981058439	NA
S118HM0195.R	155063	93756	126388	51041	46363	0.179011111612699	0.63538045826535	NA
X22JS032996	56454	34143	47286	19161	17264	0.156729372586531	0.635933680518652	NA
SRR12720826	1423	1330	1294	1200	1179	0.089950808151792	0.141250878425861	NA
M217RT0158.R	462	297	389	167	156	0.153679653679654	0.606060606060606	NA
CF23630148.8D6AXX1LXF1.N002J019	47399	28939	41149	15573	13648	0.126627144032575	0.645456655203696	NA
MAX120701	440	265	364	142	122	0.161363636363636	0.661363636363636	NA
SRR12720812	316	293	270	248	235	0.139240506329114	0.199367088607595	NA
ZZ22JS062796.AD.1R.1L.UDB.183	4051	2380	3334	1284	1115	0.171068871883486	0.657368550975068	NA
N117RN0117.R	6920	4444	5844	2471	2476	0.146531791907514	0.572687861271676	NA
MDL001.Q24C23090080L.RNA.D27.20230225	102	57	82	32	24	0.176470588235294	0.686274509803922	NA
E218YF0488.R	28055	17462	23453	10282	9404	0.156870433077883	0.597611833897701	NA
ZDH221200131R	475	427	423	357	338	0.101052631578947	0.218947368421053	NA
ZZ22JS052116.1R.1L.UDB.110	7424	4309	6091	2354	2106	0.174299568965517	0.65625	NA
MDL001.Q09C22520009L.RNA.D34.20221220	1168	751	995	377	327	0.142123287671233	0.653253424657534	NA
M117RN0125.R	15561	9496	12623	5352	4683	0.183214446372341	0.627915943705417	NA
CF23100190.8B6AXX1ZXF1.N002L001	189641	105271	164133	56150	50168	0.13009844917502	0.677532811997406	NA
SRR12720825	460806	436492	426062	387986	366981	0.0659019196798653	0.137563312977696	NA
ZZMAX136576.AD.1R.1L.UDB.106	39031	24089	33024	13331	12044	0.147882452409623	0.630780661525454	NA
CF23030059.8D6BXX1NXF1.N002JQ84	22096	13749	19274	7711	6897	0.12237509051412	0.622872918175235	NA
ZZMAX173346.AD.1R.1L.UDB.134	859131	536303	736308	307361	279661	0.136608968830132	0.6142986343177	NA
ZDH23061600041R	395	372	348	302	290	0.0911392405063291	0.20253164556962	NA
ZDH230401551R	1780017	1671972	1568331	1329956	1244928	0.0970816570852975	0.21798555856489	NA
CF236V0277.8D6AXX1LXF1.N002J019	70216	37574	59786	19902	17484	0.144041244160875	0.692691124530022	NA
ZDH23062400122R	57	52	50	43	40	0.12280701754386	0.245614035087719	NA
M117RT0327.R	1046	653	873	368	350	0.15774378585086	0.602294455066922	NA
SRR12720810	3231	3143	3089	2871	2837	0.0352831940575673	0.0773754255648406	NA
SRR12720817	5658	5298	5223	4663	4408	0.072463768115942	0.156238953693885	NA
N217RE0285.R	49	33	35	20	21	0.244897959183673	0.551020408163265	NA
MAX143318	2833	1712	2355	903	805	0.16307800917755	0.659018708083304	NA
M118HM0326.R	1	1	1	0	0	0	1	NA
CF231D0159.8B6AXX1LXF1.N002L001	3760	2450	3227	1335	1206	0.1375	0.616223404255319	NA
ZDH221200431R	362	346	342	288	275	0.0414364640883978	0.168508287292818	NA
ZZ22JS06607401.AD.1R.1L.UDB.140	226	130	187	79	67	0.168141592920354	0.632743362831858	NA
SRR12720856	169925	161609	157846	144864	139536	0.0603736942768869	0.124672649698396	NA
MBX112038	117	71	99	43	40	0.153846153846154	0.606837606837607	NA
ZDH230101391R	6	6	6	5	5	0	0	NA
M117TA0317.R	16	10	12	5	3	0.25	0.625	NA
CF230K0037.8D6BXX1PXF1.N002JQ84	15912	9857	13777	5443	4881	0.12833081950729	0.631410256410256	NA
SRR12720800	194	193	187	185	179	0.0360824742268041	0.0463917525773196	NA
ZZ22JS021543.1R.1L.UDB.161	107	27	62	9	16	0.411214953271028	0.850467289719626	NA
SRR12720834	1701	1625	1611	1483	1416	0.048206937095826	0.118165784832451	NA
CF234U0105.8D6AXX1ZXF1.N002J019	137573	78169	118358	42174	37413	0.134902924265663	0.669549984371933	NA
ZZ24JS11864.AD.1R.1L.UDB.164	1739	1094	1477	618	557	0.145485911443358	0.615871190339275	NA
SRR12720849	39212	37567	36894	34204	32783	0.0498061817810874	0.106472508415791	NA
E218YJ0353.R	331862	207193	274546	115847	102864	0.167578692348024	0.619688304174627	NA
ZZMAX91082.1R.1L.UDB.110	123	83	107	53	44	0.121951219512195	0.544715447154472	NA
CF235S0122.8D6AXX1ZXF1.N002J019	36721	22849	31913	12418	10889	0.125786334794804	0.635086190463223	NA
CF236N0107.8D6BXX1NXF1.N002KX2P	16266	10447	14127	5735	5030	0.125476453953031	0.620558219599164	NA
SRR12720822	53079	50645	49677	45818	43895	0.0553891369468151	0.118860566325666	NA
SRR12720792	3443	3426	3410	3357	3292	0.00871333139703747	0.0212024397327912	NA
SRR12720850	636	629	620	557	547	0.0251572327044025	0.122641509433962	NA
ZDH23060600022R	87672	82407	79337	67482	63749	0.0784857194999544	0.196197189524592	NA
N218HM0219.R	76655	45842	63655	26374	23614	0.163968429978475	0.625556062879134	NA
M117RT0313.R	716	442	590	231	219	0.174581005586592	0.629888268156425	NA
SRR12720818	820465	785328	769416	705309	676761	0.053306356761105	0.118326802483957	NA
E218YF0321.R	512919	313410	425182	175702	159535	0.163156365819944	0.62457035126404	NA
CF24220285.8D6BXX1P1F1.N002JQ84	2264	1297	1929	781	694	0.145759717314488	0.623233215547703	NA
E218YF0623.R	78313	48869	66213	27547	24919	0.148187401836221	0.61214613154904	NA
E217RT0460.R	483	315	410	159	131	0.151138716356108	0.633540372670807	NA
ZZ24JS11713.AD.1R.1L.UDB.183	13	4	11	3	2	0.153846153846154	0.769230769230769	NA
SRR12720842	719	696	699	663	628	0.0264255910987483	0.0751043115438109	NA
ZZ22JS109657.AD.1R.1L.UDB.133	184	116	149	70	66	0.173913043478261	0.570652173913043	NA
SRR12720829	7369	6974	6874	6245	5926	0.057266929027005	0.143167322567513	NA
ZZMAX154277.AD.1R.1L.UDB.183	112398	65645	92638	35098	31814	0.169887364543853	0.659104254524102	NA
N218YJ0223.R	48	24	39	10	8	0.1875	0.75	NA
CF234R0252.8D6AXX1ZXF1.N002J019	41725	26043	36709	14386	12777	0.114367884961055	0.628975434391851	NA
E218YF0563.R	42	25	35	18	14	0.142857142857143	0.571428571428571	NA
SRR12720851	76915	73455	72060	67007	64327	0.0533706039134109	0.108054345706299	NA
ZDH23062200101R	33	31	28	24	23	0.121212121212121	0.212121212121212	NA
SRR12720841	314	309	296	279	263	0.0414012738853503	0.111464968152866	NA
CF243F0058.8F6AXXJ41F1.N008JQ84	13	9	10	5	6	0.230769230769231	0.538461538461538	NA
CF230C0039.8D6BXX1NXF1.N002JQ84	147	93	126	55	48	0.142857142857143	0.591836734693878	NA
E217RE0131.R	82534	49160	67457	27279	24507	0.177478372549495	0.635507790728669	NA
ZZ22JS062855.AD.1R.1L.UDB.191	237619	142945	199322	78286	70654	0.155181193423085	0.641766862077527	NA
CF232N0139.8D6AXX1LXF1.N002J019	89	53	75	30	27	0.157303370786517	0.640449438202247	NA
M118YF0197.R	302	184	258	108	96	0.145695364238411	0.612582781456954	NA
SRR12720821	185	168	163	154	144	0.108108108108108	0.145945945945946	NA
ZZ22JS055866.AD.1R.1L.UDB.153	17933	10480	14559	5569	5036	0.182847264819049	0.662131266380416	NA
ZZ22JS052085.AD.1R.1L.UDB.164	2728492	1612393	2248351	869794	781533	0.170266579487864	0.655726313289539	NA
SRR12720793	219	211	211	194	183	0.0319634703196347	0.0958904109589041	NA
M118HM0358.R	31	22	29	13	11	0.0645161290322581	0.548387096774194	NA
SRR12720855	44078	41888	40815	37181	35452	0.068446844230682	0.139185080992786	NA
SRR12720837	410990	400722	395783	376416	363939	0.0310104868731599	0.0738898756660746	NA
ZZ22JS021585.1R.1L.UDB.181	86354	53338	72463	32941	29818	0.151654816221599	0.585879055978878	NA
SRR12720836	67863	65439	63971	59981	58180	0.0512503131308666	0.095118105595096	NA
M118HM0208.R	7	5	7	2	2	0	0.714285714285714	NA
E218YF0385.R	23	15	15	9	10	0.347826086956522	0.565217391304348	NA
ZZ22JS022631.1R.1L.UDB.189	23	17	18	15	12	0.173913043478261	0.347826086956522	NA
SRR12720852	59594	57696	56040	52043	49407	0.0512467698090412	0.110833305366312	NA
ZDH230500481R	65722	60963	58144	48815	45949	0.0987188460485073	0.224217157116339	NA
M118HM0322.R	1	0	1	0	0	0	1	NA
ZZMAX139638.AD.1R.1L.UDB.145	261805	158096	219752	85477	76583	0.154951204140486	0.645709593017704	NA
ZZ22JS109636.AD.1R.1L.UDB.165	4494	2768	3851	1597	1460	0.13729417000445	0.616599910992434	NA
CF230K0227.8D6BXX1PXF1.N002JQ84	1246	782	1092	429	375	0.118780096308186	0.626003210272873	NA
SRR12720799	46	45	44	41	39	0.0434782608695652	0.108695652173913	NA
N218HM0251.R	128537	79360	108194	45216	40404	0.153278822440231	0.623524743848075	NA
SRR12720809	5142	5091	4909	4523	4430	0.0420070011668611	0.102878257487359	NA
CF231C0483.8B6AXX1LXF1.N002J019	11	9	8	5	3	0.181818181818182	0.545454545454545	NA
E218YF0257.R	130110	76470	101278	42122	42487	0.218015525324725	0.608392898316809	NA
ZZ22JS032998.AD.1R.1L.UDB.108	27	16	25	9	9	0.0740740740740741	0.666666666666667	NA
S218YF0405.R	23	10	20	5	6	0.130434782608696	0.695652173913043	NA
N217RT0132.R	29417	27468	25918	22338	21265	0.106808988000136	0.214399836829044	NA
X22JS055863	17167	10200	14105	5448	4877	0.172423836430361	0.654511562882274	NA
CF238W0015.8D6BXX1PXF1.N002JQ84	1134	676	981	358	337	0.131393298059965	0.654320987654321	NA
CF236K0198.8D6AXX1LXF1.N002J019	11229	7239	9858	4092	3632	0.116573158785288	0.607712173835604	NA
SRR12720794	89179	85908	84665	76864	72748	0.0416914295966539	0.117662229897173	NA
M118LA0126.R	1230798	737941	1005854	409483	384006	0.176336003145926	0.62391554097423	NA
M118HM0342.R	7208985	4371552	6003759	2502142	2243971	0.16061442768989	0.621847597130525	NA
ZZ22JS047632.1R.1L.UDB.142	12238	7299	10174	4350	3984	0.16154600424906	0.610312142506946	NA
ZDH23063000082R	1	1	1	1	1	0	0	NA
CF236V0321.8D6AXX1LXF1.N002J019	205174	105468	176437	56765	50978	0.135363155175607	0.699869379161102	NA
ZZ22JS06247101.AD.1R.1L.UDB.133	784	469	666	272	248	0.145408163265306	0.630102040816326	NA
SRR12720805	26487	24965	24398	22600	21490	0.0680711292332087	0.133688224411976	NA
S218HM0124.R	97728	59060	80639	33877	30380	0.168242468893255	0.62241118205632	NA
CF238P0421.8D6BXX1ZXF1.N002JQ84	5950	3596	5189	1996	1780	0.123697478991597	0.636974789915966	NA
MDL001.Q09C23030031L.RNA.A07.20230110	1765	1154	1535	628	547	0.126912181303116	0.622662889518414	NA
CF234D0113.8D6AXX1MXF1.N002J019	1579	1008	1375	561	508	0.122862571247625	0.620645978467384	NA
E218YF0152.R	294412	181567	249629	106045	98594	0.146237245764439	0.601728190427021	NA
MDL001.Q24C23030034T.RNA.D21.20230114	5	2	3	1	1	0.4	0.8	NA
SRR12720819	12316659	11790957	11564703	10693528	10255487	0.0518639835689208	0.111424291278991	NA
ZZ22JS062906.AD.1R.1L.UDB.157	824649	487236	687209	260672	234216	0.161138860290863	0.656051241194739	NA
SRR12720848	50777	50469	49994	48758	47118	0.0106938180672352	0.0346613624278709	NA
S118HM0188.R	3091	2773	2701	2300	2148	0.110967324490456	0.234875444839858	NA
ZZMAX127746.1R.1L.UDB.125	14	10	12	7	9	0.142857142857143	0.357142857142857	NA
MAX153830	2381	1432	1970	762	678	0.166316673666527	0.656446871062579	NA
SRR12720823	966132	929677	912014	839564	805907	0.048167331172138	0.111211511470482	NA
CF235M0129.8D6AXX1ZXF1.N002J019	591	389	509	217	194	0.128595600676819	0.604060913705584	NA
MDL001.Q11C23030029L.RNA.B19.20230110	2034	1323	1705	674	597	0.154867256637168	0.642084562438545	NA
CF23990150.8D6BXX1QXF1.N002JQ84	161	104	142	58	52	0.111801242236025	0.608695652173913	NA
SRR12720845	236363	225302	219058	199215	189091	0.0639863261170319	0.136099981807643	NA
ZZ22JS062828.AD.1R.1L.UDB.158	293875	177915	249378	96722	86403	0.145687792428754	0.643583156103786	NA
ZDH23053100102R	9	9	9	9	8	0	0	NA
SRR12720846	7111	6954	6796	6702	6293	0.0284066938545915	0.0475319926873857	NA
E218YF0175.R	74396	44502	60740	24502	22776	0.177912791010269	0.630020431205979	NA
CF231F0200.8B6AXX1KXF1.N002J019	8398	5327	7347	2941	2595	0.119671350321505	0.625744224815432	NA
WHMAX12180001.1R.1L.UDB.170	4481	2614	3711	1534	1365	0.165588038384289	0.628654318232537	NA
CF235U0226.8D6AXX1LXF1.N002J019	23612	14683	20495	8011	7073	0.126757580891072	0.63255971539895	NA
M118HM0273.R	16	9	14	4	4	0.125	0.625	NA
ZDH23061700052R	1341	1232	1214	1024	969	0.0782997762863535	0.205816554809843	NA
X22JS062974	5	4	4	1	3	0.2	0.4	NA
ZZ22JS023191.1R.1L.UDB.176	99446	61016	83500	38081	35702	0.15189147879251	0.579349596766084	NA
E217RE0715.R	6259	3828	5175	2159	2164	0.169995206902061	0.590349896149545	NA
ZDH23080500081R	37	37	37	31	32	0	0.108108108108108	NA
ZZMAX83650.1R.1L.UDB.169	2275	1348	1879	846	770	0.163516483516484	0.58989010989011	NA
