contig	length	gc	case.fre	case.mean.depth	case.mean.cov	control.fre	control.mean.depth	control.mean.cov	annotation	human
k51_321	816	0.363970588235294	2	5.9865194446959	0.984562461060019	0	0	0	Y	N
k51_48	714	0.397759103641457	2	8.51329039661665	0.969021739130435	0	0	0	Y	N
k51_671	296	0.375	2	17.2391280460216	0.996296296296296	1	0.000191865648900911	0.000191865648900911	Y	N
k51_892	898	0.361915367483296	2	5.37948579647609	0.985922330097088	0	0	0	Y	N
k51_798	654	0.437308868501529	2	10.7844126704986	0.981165923814722	0	0	0	Y	N
k51_678	785	0.412738853503185	2	6.37071288780519	0.974943052391799	0	0	0	Y	N
k51_630	202	0.534653465346535	2	19.0607889314101	0.993355481727575	0	0	0	Y	N
k51_394	244	0.418032786885246	2	10.6719354766539	0.976950354609929	0	0	0	Y	N
k51_331	211	0.364928909952607	2	4.24993794766328	0.904661016949152	0	0	0	Y	N
k51_83	268	0.305970149253731	2	2.16762535272411	0.59409594095941	0	0	0	Y	N
k51_804	274	0.54014598540146	1	3.62801204819277	0.5	27	0.0579632837257777	0.00632610585284433	N	N
k51_921	595	0.319327731092437	2	3.6259927618635	0.873986931643833	0	0	0	Y	N
k51_532	226	0.398230088495575	2	5.11247869318182	0.979730113636363	0	0	0	Y	N
k51_156	255	0.301960784313725	2	3.00888877503971	0.723282442748092	0	0	0	Y	N
k51_132	1134	0.435626102292769	2	9.05985637198854	0.98599977934244	0	0	0	Y	N
k51_209	373	0.340482573726542	2	12.3683521155736	0.980743822433538	0	0	0	Y	N
k51_802	431	0.354988399071926	2	4.67647837599294	0.953187434807029	0	0	0	Y	N
k51_65	452	0.365044247787611	2	6.42367588932807	0.963280632411067	0	0	0	Y	N
k51_715	4884	0.414414414414414	2	8.41634303822413	0.981932211970266	1	1.17388641336959e-05	1.17388641336959e-05	Y	N
k51_257	389	0.359897172236504	2	4.08170159955874	0.976236440522155	0	0	0	Y	N
k51_645	500	0.272	2	3.03148674242424	0.830886994949494	0	0	0	Y	N
k51_273	2109	0.371740161213845	2	6.07423756019262	0.984307561976101	0	0	0	Y	N
k51_404	2966	0.42211732973702	2	7.31247740432323	0.987556221889055	0	0	0	Y	N
k51_832	468	0.523504273504274	2	14.0777685920905	0.997227356746766	0	0	0	Y	N
k51_886	331	0.377643504531722	2	6.22025281849663	0.953517587939698	0	0	0	Y	N
k51_322	1612	0.383995037220844	2	7.32947634342446	0.977985619388277	0	0	0	Y	N
k51_935	606	0.412541254125413	2	8.04783535720155	0.958460291855238	0	0	0	Y	N
k51_685	827	0.417170495767836	2	6.63970902076665	0.976525691537389	0	0	0	Y	N
k51_109	633	0.380726698262243	2	3.69164398714031	0.9296875	0	0	0	Y	N
k51_899	208	0.293269230769231	2	2.73803294573643	0.767441860465117	0	0	0	Y	N
k51_73	215	0.52093023255814	2	10.8754003449126	0.98170731707317	0	0	0	Y	N
k51_883	1845	0.438482384823848	2	7.67396163144037	0.987027412372407	1	3.10431975223876e-05	3.10431975223876e-05	Y	N
k51_224	402	0.532338308457711	2	24.6295494929431	0.935281837160751	0	0	0	Y	N
k51_555	360	0.355555555555556	2	6.3155209801583	0.982608695652174	0	0	0	Y	N
k51_205	862	0.417633410672854	2	8.58317882283061	0.990825688073395	0	0	0	Y	N
k51_20	509	0.371316306483301	2	4.95602413700108	0.975812432578209	0	0	0	Y	N
k51_425	501	0.37125748502994	2	5.20885055145495	0.988734835355286	0	0	0	Y	N
k51_283	384	0.333333333333333	2	4.97796830254013	0.915313225058004	0	0	0	Y	N
k51_641	242	0.309917355371901	2	3.51594982078853	0.930465949820789	0	0	0	Y	N
k51_517	3058	0.417920209287116	2	8.43889620075769	0.993814369653525	0	0	0	Y	N
k51_917	465	0.395698924731183	2	5.56779460811561	0.963035019455253	0	0	0	Y	N
k51_267	297	0.34006734006734	2	5.15676518883416	0.992816091954023	0	0	0	Y	N
k51_22	303	0.31023102310231	2	2.82481884057971	0.8484375	0	0	0	Y	N
k51_37	490	0.33469387755102	2	3.78368265661083	0.974217311233886	0	0	0	Y	N
k51_158	750	0.542666666666667	2	25.1775429138885	0.991827051906496	1	0.000115025462454643	0.000115025462454643	Y	N
k51_464	250	0.288	2	3.54770318021201	0.848283880690085	0	0	0	Y	N
k51_549	487	0.334702258726899	2	3.77498158895743	0.910049388888513	0	0	0	Y	N
k51_45	341	0.366568914956012	2	5.93674984396755	0.956743002544529	0	0	0	Y	N
k51_290	657	0.372907153729072	2	5.25528598152032	0.953640194244469	0	0	0	Y	N
k51_390	1316	0.391337386018237	2	6.00404818007522	0.990697674418604	0	0	0	Y	N
k51_62	299	0.301003344481605	2	2.91286878284162	0.794139607813856	0	0	0	Y	N
k51_416	831	0.424789410348977	2	6.7551569771043	0.993521809757296	0	0	0	Y	N
k51_495	246	0.398373983739837	2	5.51511749651	0.994642857142857	0	0	0	Y	N
k51_92	233	0.356223175965665	2	4.24518517481735	0.959143968871595	0	0	0	Y	N
k51_66	366	0.396174863387978	2	4.89642201834863	0.995	0	0	0	Y	N
k51_943	292	0.410958904109589	2	6.68497883414867	0.98728813559322	0	0	0	Y	N
k51_909	209	0.325358851674641	2	2.63494692391136	0.80787037037037	0	0	0	Y	N
k51_818	2344	0.40401023890785	2	7.41805073431241	0.990340453938584	0	0	0	Y	N
k51_827	681	0.372980910425844	2	6.5250099832647	1	0	0	0	Y	N
k51_583	1326	0.434389140271493	2	7.69901821162307	0.988215146821043	0	0	0	Y	N
k51_763	2315	0.41036717062635	2	7.79955942028252	0.984493377924376	0	0	0	Y	N
k51_91	346	0.369942196531792	2	5.36239277318991	0.958549222797928	0	0	0	Y	N
k51_893	2299	0.424967377120487	2	8.54528966508228	0.996396054628224	2	4.98417280811228e-05	4.98417280811228e-05	Y	N
k51_675	230	0.41304347826087	2	8.23650579704717	0.973180076628352	0	0	0	Y	N
k51_427	1428	0.412464985994398	2	9.00346411453853	0.9854509749703	0	0	0	Y	N
k51_944	457	0.36980306345733	2	7.29138082031819	0.954928610289141	0	0	0	Y	N
k51_657	4666	0.421988855550793	2	8.1214814229568	0.989584563992297	2	2.45739254749935e-05	2.45739254749935e-05	Y	N
k51_608	1916	0.384655532359081	2	6.48972112354579	0.973829446547311	0	0	0	Y	N
k51_466	1137	0.410729991204925	2	7.20713694907242	0.997040376072634	1	5.03226570362916e-05	5.03226570362916e-05	Y	N
k51_233	620	0.383870967741935	2	5.48561844627354	0.982869169767355	0	0	0	Y	N
k51_350	276	0.376811594202899	2	5.58255959968797	0.95016077170418	0	0	0	Y	N
k51_723	736	0.442934782608696	2	10.4592697703819	0.990554899645808	0	0	0	Y	N
k51_393	799	0.421777221526909	2	7.87461558393012	0.970620842572062	0	0	0	Y	N
k51_260	2689	0.371513573819264	2	7.03064538124216	0.985970730700196	0	0	0	Y	N
k51_141	2295	0.462745098039216	2	9.12448511507091	0.980769230769231	0	0	0	Y	N
k51_429	462	0.391774891774892	2	7.12371692280006	0.998293515358362	0	0	0	Y	N
k51_918	1106	0.412296564195298	2	7.57576571050851	0.993269992082344	0	0	0	Y	N
k51_226	498	0.403614457831325	2	7.55434187297941	0.996527777777778	0	0	0	Y	N
k51_871	235	0.374468085106383	2	4.63633974997235	0.885496183206107	0	0	0	Y	N
k51_143	889	0.392575928008999	2	6.44332194560713	0.987451737451738	0	0	0	Y	N
k51_212	323	0.442724458204334	2	7.36712072649571	0.9875	0	0	0	Y	N
k51_307	1153	0.406764960971379	2	6.22731682886927	0.972505569671185	0	0	0	Y	N
k51_695	260	0.315384615384615	2	3.71170107151415	0.785714285714285	0	0	0	Y	N
k51_375	263	0.384030418250951	2	5.47685720897941	0.983221476510067	0	0	0	Y	N
k51_866	241	0.348547717842324	2	4.3488196263997	0.967345821438348	0	0	0	Y	N
k51_54	316	0.294303797468354	2	2.1420919486822	0.953453453453454	0	0	0	Y	N
k51_389	469	0.392324093816631	2	3.61278309117209	0.965102513727268	0	0	0	Y	N
k51_752	414	0.342995169082126	2	3.12828091521274	0.860451101928375	0	0	0	Y	N
k51_812	2637	0.449753507773986	2	8.81297056797496	0.989840106595603	9	0.000282493097453727	0.000195572144391042	Y	N
k51_903	654	0.429663608562691	2	7.3380002986858	0.992021276595745	0	0	0	Y	N
k51_582	1499	0.433622414943296	2	7.03505153131351	0.979893623211948	0	0	0	Y	N
k51_469	404	0.388613861386139	2	5.49321701494556	0.974382903902076	0	0	0	Y	N
k51_503	299	0.40133779264214	2	5.82262599254577	0.977941176470589	0	0	0	Y	N
k51_706	322	0.450310559006211	2	6.87589154911174	0.962536023054755	0	0	0	Y	N
k51_788	498	0.367469879518072	2	6.71818318657335	0.97168284789644	0	0	0	Y	N
k51_844	405	0.493827160493827	2	22.4175697241182	0.997971602434077	0	0	0	Y	N
k51_459	3043	0.463687150837989	2	8.54141007305158	0.987236112784095	0	0	0	Y	N
k51_718	373	0.351206434316354	2	4.01454418734319	0.991764705882353	1	0.000152574013354713	0.000152574013354713	Y	N
k51_561	583	0.406518010291595	2	9.00350797618242	0.951051427799384	0	0	0	Y	N
k51_597	2341	0.417343015805211	2	7.85062756884582	0.964958349914576	0	0	0	Y	N
k51_691	644	0.380434782608696	2	6.27255407317566	0.993464052287582	0	0	0	Y	N
k51_801	251	0.354581673306773	2	3.38519813519814	0.992673992673992	0	0	0	Y	N
k51_946	359	0.437325905292479	2	7.22369743539864	0.96783711052751	0	0	0	Y	N
k51_304	695	0.424460431654676	2	6.61892472543146	0.969812318737223	0	0	0	Y	N
k51_863	1355	0.380073800738007	2	4.35419258241208	0.988532282658855	0	0	0	Y	N
k51_759	202	0.648514851485149	1	3.1358024691358	0.5	53	0.0581125617556541	0.0264897145981596	N	N
k51_492	263	0.319391634980989	2	2.3998515402697	0.904187801558827	0	0	0	Y	N
k51_546	315	0.355555555555556	2	3.2033428844317	0.944927536231884	0	0	0	Y	N
k51_363	1547	0.407886231415643	2	9.54556788918926	0.991014885665083	0	0	0	Y	N
k51_461	283	0.385159010600707	2	4.41336393491566	0.962004590237349	0	0	0	Y	N
k51_431	385	0.368831168831169	2	6.81833914929737	0.970715835140998	0	0	0	Y	N
k51_477	634	0.365930599369085	2	6.81919405344602	0.955598455598456	0	0	0	Y	N
k51_523	657	0.389649923896499	2	6.20242747285388	0.944912373345655	0	0	0	Y	N
k51_619	728	0.446428571428571	2	9.36107768865122	0.979597445038622	1	7.84785622727391e-05	7.84785622727391e-05	Y	N
k51_878	322	0.372670807453416	2	5.49233025039476	0.928603654410106	0	0	0	Y	N
k51_838	352	0.389204545454545	2	7.3189434952776	0.934343434343434	0	0	0	Y	N
k51_410	5437	0.424682729446386	2	9.84153190452162	0.995186282651428	5	5.27277840269966e-05	5.27277840269966e-05	Y	N
k51_452	208	0.432692307692308	2	5.67549407114624	0.923913043478261	0	0	0	Y	N
k51_422	747	0.376171352074967	2	5.23310257605006	0.957478532916195	0	0	0	Y	N
k51_623	202	0.594059405940594	1	1.98695652173913	0.5	1	0.000279843068396938	0.000279843068396938	N	N
k51_462	370	0.416216216216216	2	5.73996569468268	0.976543739279588	0	0	0	Y	N
k51_385	580	0.387931034482759	2	4.37412789100698	0.950470618396235	0	0	0	Y	N
k51_526	218	0.463302752293578	2	5.53339073861462	0.984261385380788	0	0	0	Y	N
k51_189	1490	0.332214765100671	2	4.25595157468165	0.929099876695438	0	0	0	Y	N
k51_735	229	0.502183406113537	2	15.2533374243697	0.987226277372263	0	0	0	Y	N
k51_200	202	0.316831683168317	2	2.21288794715194	0.943745066267814	0	0	0	Y	N
k51_47	507	0.345167652859961	2	4.91007853781076	0.928449744463373	0	0	0	Y	N
k51_288	270	0.385185185185185	2	6.59487734487734	0.996825396825397	0	0	0	Y	N
k51_531	316	0.408227848101266	2	9.83051234838144	0.993368700265252	0	0	0	Y	N
k51_432	540	0.322222222222222	2	10.3813106755243	0.995684828277215	0	0	0	Y	N
k51_714	771	0.395590142671855	2	5.88920321200823	0.941417048258554	0	0	0	Y	N
k51_511	422	0.412322274881517	2	6.38013189103006	0.96972860125261	0	0	0	Y	N
k51_885	2496	0.411057692307692	2	8.74102969644112	0.994002637792764	0	0	0	Y	N
k51_493	230	0.321739130434783	2	4.63578891047844	0.996240601503759	0	0	0	Y	N
k51_584	479	0.402922755741127	2	6.41106144282919	0.953859060402684	0	0	0	Y	N
k51_152	243	0.51440329218107	2	13.780586215111	1	0	0	0	Y	N
k51_667	2657	0.421528039141889	2	8.1660708246218	0.98188164893617	0	0	0	Y	N
k51_242	509	0.359528487229862	2	3.92054173693086	0.971529450734762	0	0	0	Y	N
k51_285	264	0.303030303030303	2	5.4750470407116	0.987127950735545	0	0	0	Y	N
k51_157	803	0.337484433374844	2	4.10608582724057	0.962113656638421	0	0	0	Y	N
k51_19	312	0.342948717948718	2	3.77968302007009	0.975290697674418	0	0	0	Y	N
k51_58	479	0.390396659707724	2	4.1101057765605	0.994481809534731	0	0	0	Y	N
k51_939	1554	0.38030888030888	2	6.94303040854225	0.988500319173631	0	0	0	Y	N
k51_826	7140	0.42296918767507	2	10.430433187819	0.995021219903712	2	1.60626708725668e-05	1.60626708725668e-05	Y	N
k51_822	3982	0.452536413862381	2	8.6346486533486	0.983428118792223	0	0	0	Y	N
k51_455	333	0.336336336336336	2	2.96753918791312	0.926345609065156	0	0	0	Y	N
k51_266	268	0.347014925373134	2	4.07171516707294	0.93909226222577	0	0	0	Y	N
k51_934	649	0.428351309707242	2	7.53048338648257	0.99145143630554	0	0	0	Y	N
k51_881	326	0.371165644171779	2	5.92338904120914	0.991003155095686	0	0	0	Y	N
k51_749	303	0.356435643564356	2	4.95243743906402	0.966176470588236	0	0	0	Y	N
k51_382	268	0.373134328358209	2	3.19014021059744	0.972881355932203	0	0	0	Y	N
k51_330	1243	0.37489943684634	2	5.98581499219968	0.964232864380844	1	4.60415963253389e-05	4.60415963253389e-05	Y	N
k51_542	4861	0.422546801069739	2	10.9016434709868	0.994203876896607	1	1.17943727428809e-05	1.17943727428809e-05	Y	N
k51_231	352	0.340909090909091	2	4.52890396786758	0.910342624148003	0	0	0	Y	N
k51_625	272	0.301470588235294	2	2.41112476381467	0.791814946619217	0	0	0	Y	N
k51_795	340	0.4	2	4.31090668590669	0.984126984126984	0	0	0	Y	N
k51_806	461	0.360086767895879	2	3.9030957287722	0.966455498433908	0	0	0	Y	N
k51_821	961	0.37044745057232	2	6.38637332039092	0.952600674008299	0	0	0	Y	N
k51_928	260	0.353846153846154	2	4.87949988607883	0.945693779904307	0	0	0	Y	N
k51_10	249	0.417670682730924	2	15.6244238410596	1	0	0	0	Y	N
k51_84	339	0.40117994100295	2	5.41179559434584	0.978552278820376	0	0	0	Y	N
k51_590	3394	0.444313494401886	2	9.61008369537866	0.991458439571647	0	0	0	Y	N
k51_424	602	0.416943521594684	2	6.71551989491332	0.958394682926351	0	0	0	Y	N
k51_165	341	0.55425219941349	2	18.7756084139707	0.967726026828357	0	0	0	Y	N
k51_544	312	0.358974358974359	2	5.02533142637109	0.892540843830794	0	0	0	Y	N
k51_294	1309	0.438502673796791	2	8.07126254338482	0.968019257221458	0	0	0	Y	N
k51_411	665	0.365413533834586	2	3.9352867920601	0.909164433798016	0	0	0	Y	N
k51_167	2162	0.388529139685476	2	7.40727104308072	0.981416085654294	0	0	0	Y	N
k51_815	554	0.406137184115523	2	8.22395864536172	0.978379107006838	0	0	0	Y	N
k51_915	4967	0.408294745319106	2	8.8183743470712	0.989983101673487	1	1.15428227407188e-05	1.15428227407188e-05	Y	N
k51_805	217	0.350230414746544	2	3.28886468125986	0.829436286282852	0	0	0	Y	N
k51_36	244	0.520491803278688	2	19.2673257273667	0.987778762368926	0	0	0	Y	N
k51_119	1025	0.446829268292683	2	9.90028368067749	0.972602739726028	0	0	0	Y	N
k51_222	1198	0.406510851419032	2	8.91896118767781	0.982995658465992	0	0	0	Y	N
k51_603	451	0.368070953436807	2	12.5783526459965	1	0	0	0	Y	N
k51_101	2017	0.346058502726822	2	5.48079985459114	0.995588411761177	0	0	0	Y	N
k51_428	492	0.378048780487805	2	6.07862943157061	0.992869875222816	0	0	0	Y	N
k51_140	764	0.387434554973822	2	5.65365764593073	0.980278422273782	0	0	0	Y	N
k51_129	386	0.349740932642487	2	5.62160882651943	0.955797635896107	0	0	0	Y	N
k51_415	1712	0.429906542056075	2	7.76627577334103	0.989430111459305	0	0	0	Y	N
k51_332	202	0.396039603960396	2	3.99163139669104	0.975856098499422	0	0	0	Y	N
k51_370	1190	0.399159663865546	2	7.58118151660681	0.984667165295438	0	0	0	Y	N
k51_320	235	0.319148936170213	2	2.66368058673851	0.914511300703488	0	0	0	Y	N
k51_7	319	0.401253918495298	2	5.39023364161046	1	0	0	0	Y	N
k51_441	729	0.363511659807956	2	6.29729783037476	0.984023668639054	0	0	0	Y	N
k51_602	264	0.401515151515151	2	4.1060127444039	0.909836065573771	0	0	0	Y	N
k51_912	1191	0.408060453400504	2	7.71743653331405	0.962761044386474	0	0	0	Y	N
k51_781	2923	0.417721518987342	2	8.34316364818268	0.995597299677136	0	0	0	Y	N
k51_214	229	0.301310043668122	2	3.3285974834092	0.874998084203106	0	0	0	Y	N
k51_570	213	0.422535211267606	2	5.81903622693096	1	0	0	0	Y	N
k51_800	222	0.337837837837838	2	4.54184464483468	0.993877551020408	0	0	0	Y	N
k51_563	961	0.378772112382934	2	7.30370448274403	0.993896827796548	0	0	0	Y	N
k51_653	423	0.569739952718676	2	24.0207885890696	0.989833641404806	0	0	0	Y	N
k51_581	1024	0.3681640625	2	5.96167471353693	0.988800520290789	0	0	0	Y	N
k51_296	851	0.323149236192714	2	3.18976090792393	0.873685129661298	0	0	0	Y	N
k51_529	301	0.285714285714286	2	2.99480370574206	0.85126582278481	0	0	0	Y	N
k51_873	1721	0.386403253922138	2	5.99930635622442	0.979459178367134	0	0	0	Y	N
k51_514	1943	0.389089037570767	2	6.17689609191222	0.994057220034168	0	0	0	Y	N
k51_938	5512	0.432148040638607	2	10.5847980131143	0.990842773151545	0	0	0	Y	N
k51_694	228	0.403508771929825	2	6.89783756971256	0.996527777777778	0	0	0	Y	N
k51_620	680	0.372058823529412	2	5.73793248577732	0.97784598862185	0	0	0	Y	N
k51_664	400	0.455	2	7.01756501182033	0.994444444444444	0	0	0	Y	N
k51_299	236	0.457627118644068	2	4.54043616537937	0.764112903225806	0	0	0	Y	N
k51_497	914	0.396061269146608	2	7.08179072089542	0.991574451432377	1	6.25603369916819e-05	6.25603369916819e-05	Y	N
k51_293	1329	0.410835214446953	2	7.01473970926506	0.975707570757076	1	6.50256555768367e-05	6.50256555768367e-05	Y	N
k51_352	395	0.364556962025316	2	3.62970235845684	0.932239052940156	0	0	0	Y	N
k51_449	482	0.406639004149378	2	6.69290793379374	0.969720688554794	0	0	0	Y	N
k51_147	861	0.385598141695703	2	5.8372165765906	0.959810670000535	0	0	0	Y	N
k51_396	1079	0.41241890639481	2	10.6471234735414	0.9664	0	0	0	Y	N
k51_213	208	0.442307692307692	2	10.5833226436339	0.973104716295378	0	0	0	Y	N
k51_221	217	0.368663594470046	2	2.93356491532783	0.783586626139817	0	0	0	Y	N
k51_39	221	0.339366515837104	2	2.96983050847458	0.954813559322034	0	0	0	Y	N
k51_823	228	0.526315789473684	2	33.2957801418439	1	0	0	0	Y	N
k51_843	566	0.381625441696113	2	6.33732210152959	0.977665706051873	0	0	0	Y	N
k51_148	489	0.441717791411043	2	6.60284791193012	0.985401459854015	0	0	0	Y	N
k51_562	494	0.356275303643725	2	5.56183936958594	0.979204339963833	0	0	0	Y	N
k51_365	2452	0.434339314845024	2	9.62674687221974	0.986659551760939	0	0	0	Y	N
k51_135	229	0.379912663755459	2	5.7007786429366	0.996168582375479	0	0	0	Y	N
k51_408	585	0.417094017094017	2	5.92420422612468	0.98590412739133	0	0	0	Y	N
k51_629	1888	0.396716101694915	2	6.50355771706236	0.990522422561257	0	0	0	Y	N
k51_339	1374	0.378457059679767	2	9.10441168598317	0.990326103807893	0	0	0	Y	N
k51_151	1555	0.396141479099678	2	7.15944327442648	0.963899943149517	0	0	0	Y	N
k51_696	207	0.391304347826087	2	5.09421293091513	0.991416309012875	0	0	0	Y	N
k51_731	1503	0.424484364604125	2	9.01872094044104	0.988702201622248	0	0	0	Y	N
k51_674	207	0.318840579710145	2	3.7329941232797	0.927601809954751	0	0	0	Y	N
k51_697	456	0.364035087719298	2	4.71335061520235	0.983671976260951	0	0	0	Y	N
k51_952	706	0.393767705382436	2	6.57294493216282	0.966498103666245	0	0	0	Y	N
k51_536	405	0.432098765432099	2	7.30567253975076	0.988751099924285	0	0	0	Y	N
k51_889	593	0.338954468802698	2	7.7478349145755	0.984397163120567	0	0	0	Y	N
k51_521	364	0.35989010989011	2	2.69859256926952	0.954716624685139	0	0	0	Y	N
k51_414	331	0.380664652567976	2	6.97875	0.994949494949495	0	0	0	Y	N
k51_311	609	0.435139573070608	2	7.72835058699456	0.978102189781022	0	0	0	Y	N
k51_149	1583	0.433986102337334	2	8.95479698279446	0.999449339207048	0	0	0	Y	N
k51_162	375	0.394666666666667	2	6.17770603081558	0.901699029126213	1	0.000151766743442784	0.000151766743442784	Y	N
k51_401	281	0.395017793594306	2	8.49375774668128	0.972668810289389	0	0	0	Y	N
k51_367	410	0.363414634146341	2	3.33307766149677	0.976208402349044	0	0	0	Y	N
k51_208	1390	0.417985611510791	2	10.8300802722676	0.992143587014478	0	0	0	Y	N
k51_621	2118	0.421152030217186	2	8.35759084777708	0.958572600492206	0	0	0	Y	N
k51_303	1661	0.400963275135461	2	7.05584696244086	0.985660823469173	0	0	0	Y	N
k51_496	262	0.33969465648855	2	4.22151097670251	0.937275985663083	0	0	0	Y	N
k51_591	1077	0.380687093779016	2	6.80577559525172	0.993912246228134	0	0	0	Y	N
k51_357	615	0.385365853658537	2	6.22690176699611	0.973878781072178	0	0	0	Y	N
k51_153	211	0.582938388625592	2	16.9842734720783	1	0	0	0	Y	N
k51_476	541	0.451016635859519	2	8.54994354875128	0.960655737704918	0	0	0	Y	N
k51_343	4034	0.41844323252355	2	7.27329518904071	0.979536928653471	1	1.42105100374963e-05	1.42105100374963e-05	Y	N
k51_402	248	0.568548387096774	1	1.81654676258993	0.5	27	0.0837513906865358	0.00984802484020726	N	N
k51_553	2548	0.394819466248038	2	6.57141065424286	0.985977249689797	0	0	0	Y	N
k51_794	702	0.357549857549858	2	5.66724440234588	0.990336363086721	0	0	0	Y	N
k51_539	249	0.36144578313253	2	3.45548654244307	0.860288262462175	0	0	0	Y	N
k51_138	283	0.321554770318021	2	2.7529180040852	0.795302013422819	0	0	0	Y	N
k51_754	504	0.371031746031746	2	7.70297510384421	0.994573643410853	1	0.000113151536531306	0.000113151536531306	Y	N
k51_573	4068	0.431170108161259	2	7.57585109960687	0.992233009708738	1	9.20840777255784e-05	1.92990582059595e-05	Y	N
k51_954	6932	0.42469705712637	2	11.1929555515395	0.995030674846626	0	0	0	Y	N
k51_640	2176	0.4453125	2	8.36820950505163	0.997165991902834	1	2.63275947780506e-05	2.63275947780506e-05	Y	N
k51_186	2737	0.408476434051882	2	6.84479911691719	0.977010655378777	0	0	0	Y	N
k51_908	402	0.393034825870647	2	5.91573953396079	0.987120108595163	0	0	0	Y	N
k51_55	290	0.351724137931034	2	3.22325114678899	0.944385512232416	0	0	0	Y	N
k51_762	2441	0.399836132732487	2	8.88486081570996	0.994595317542614	1	2.34729251314944e-05	2.34729251314944e-05	Y	N
k51_130	208	0.317307692307692	2	3.98160642570281	0.98	0	0	0	Y	N
k51_191	484	0.390495867768595	2	7.9021324486939	0.971349353049908	0	0	0	Y	N
k51_262	1389	0.382289416846652	2	5.98102840602316	0.975118483412323	0	0	0	Y	N
k51_596	226	0.336283185840708	2	2.55908505908506	0.638528138528139	0	0	0	Y	N
k51_64	669	0.38863976083707	2	10.2063364594367	0.99739921976593	0	0	0	Y	N
k51_399	918	0.406318082788671	2	6.26585504726865	0.984073359073359	0	0	0	Y	N
k51_708	776	0.393041237113402	2	5.44681256945008	0.981326573923494	0	0	0	Y	N
k51_550	210	0.514285714285714	2	20.1495534667854	0.964980544747082	0	0	0	Y	N
k51_567	484	0.429752066115702	2	7.46609975683188	0.983851030569708	0	0	0	Y	N
k51_373	233	0.334763948497854	2	2.48028282002076	0.757322175732217	0	0	0	Y	N
k51_884	631	0.353407290015848	2	5.73743853126891	0.989158581267662	0	0	0	Y	N
k51_118	1327	0.40844009042954	2	7.29748519048005	0.97483660130719	1	4.3133706031107e-05	4.3133706031107e-05	Y	N
k51_128	478	0.435146443514644	2	6.61492446374727	0.931001890359168	4	0.000474238895523191	0.000474238895523191	Y	N
k51_27	550	0.383636363636364	2	5.07272460130094	0.978013029315961	0	0	0	Y	N
k51_137	371	0.345013477088949	2	7.56494403549461	0.995502672179087	0	0	0	Y	N
k51_25	228	0.359649122807018	2	3.87037374796711	0.909200066876416	0	0	0	Y	N
k51_905	262	0.33206106870229	2	4.23154988039961	0.976449275362319	0	0	0	Y	N
k51_193	604	0.412251655629139	2	5.80688538932633	0.986666666666667	0	0	0	Y	N
k51_569	234	0.358974358974359	2	3.43104193687851	0.971191814382476	0	0	0	Y	N
k51_96	222	0.297297297297297	2	2.60840677734508	0.854785816765731	0	0	0	Y	N
k51_314	330	0.339393939393939	2	5.46330660201417	0.950931155752118	0	0	0	Y	N
k51_540	228	0.333333333333333	2	5.19424123970404	0.980357392154126	0	0	0	Y	N
k51_85	1197	0.423558897243108	2	9.61395310378675	0.996919285274183	0	0	0	Y	N
k51_217	832	0.388221153846154	2	5.73357039191797	0.983302008859002	0	0	0	Y	N
k51_537	2048	0.4033203125	2	7.27279552002599	0.985378084289557	0	0	0	Y	N
k51_181	386	0.414507772020725	2	7.16249299963307	0.921284494911457	0	0	0	Y	N
k51_387	252	0.349206349206349	2	3.49789010708822	0.824923508414074	0	0	0	Y	N
k51_631	1593	0.392341494036409	2	6.44801932480198	0.993764179916113	0	0	0	Y	N
k51_115	368	0.35054347826087	2	4.2616552010039	0.96816037735849	0	0	0	Y	N
k51_686	427	0.339578454332553	2	3.26307740324594	0.81123595505618	0	0	0	Y	N
k51_730	1620	0.39320987654321	2	6.46628519101541	0.99312046709082	0	0	0	Y	N
k51_842	2895	0.434887737478411	2	12.1787725924597	0.992173656231542	4	9.93525413092907e-05	7.95568791211015e-05	Y	N
k51_345	1534	0.382659713168188	2	7.56991913075409	0.999489013796627	0	0	0	Y	N
k51_618	435	0.379310344827586	2	7.3909270453049	0.934823672870908	0	0	0	Y	N
k51_249	259	0.413127413127413	2	6.11665306302531	0.993690851735016	0	0	0	Y	N
k51_626	619	0.363489499192246	2	4.03660959304317	0.974395448079658	0	0	0	Y	N
k51_218	290	0.410344827586207	2	6.27410348360655	0.95411543715847	0	0	0	Y	N
k51_337	241	0.398340248962656	2	5.11708787832232	0.996466431095407	0	0	0	Y	N
k51_942	1575	0.400634920634921	2	7.9486695849055	0.982214267994856	0	0	0	Y	N
k51_615	200	0.315	2	2.16138041525039	0.779904306220095	0	0	0	Y	N
k51_292	785	0.337579617834395	2	4.41870824053452	0.9771714922049	0	0	0	Y	N
k51_44	301	0.332225913621262	2	2.70097402597402	0.668831168831169	0	0	0	Y	N
k51_837	527	0.438330170777989	2	8.53776837144352	0.993323442136498	0	0	0	Y	N
k51_897	572	0.417832167832168	2	7.37295379531069	0.952695795135426	0	0	0	Y	N
k51_600	822	0.417274939172749	2	8.25881320279482	0.986808219872425	0	0	0	Y	N
k51_69	963	0.399792315680166	2	7.00397349702231	0.995886654478976	0	0	0	Y	N
k51_614	200	0.44	2	8.67507896814952	0.879869702553304	0	0	0	Y	N
k51_505	1909	0.446306966998428	2	9.52355838277903	0.999544211485871	1	3.00040946764499e-05	3.00040946764499e-05	Y	N
k51_398	1345	0.428252788104089	2	9.21972677646995	0.989327296248383	0	0	0	Y	N
k51_475	1397	0.418754473872584	2	6.52979086229087	0.991312741312741	0	0	0	Y	N
k51_450	275	0.52	2	43.0539703291082	0.990410958904109	0	0	0	Y	N
k51_923	1813	0.434087148372863	2	8.29838425010758	0.975036354823073	0	0	0	Y	N
k51_93	565	0.352212389380531	2	4.42124419967413	0.996081504702194	0	0	0	Y	N
k51_810	270	0.388888888888889	2	6.63150985540186	0.954524080097182	0	0	0	Y	N
k51_206	952	0.46953781512605	2	10.3249017383201	0.992726609668138	1	0.000120142050306539	6.00710251532694e-05	Y	N
k51_169	473	0.437632135306554	2	8.40212109032447	1	0	0	0	Y	N
k51_42	569	0.395430579964851	2	5.54074522455099	0.957859571648358	0	0	0	Y	N
k51_446	467	0.443254817987152	2	8.98172951006131	0.978011472275335	0	0	0	Y	N
k51_176	549	0.442622950819672	2	8.92966669975901	0.987883683360258	1	0.000103927226487993	0.000103927226487993	Y	N
k51_660	271	0.391143911439114	2	3.52205182443152	0.985245901639344	0	0	0	Y	N
k51_473	239	0.359832635983264	2	2.75409000189385	0.957854406130268	0	0	0	Y	N
k51_792	212	0.254716981132075	2	1.77004211028127	0.791593834419196	0	0	0	Y	N
k51_791	1156	0.42560553633218	2	7.31561560504545	0.96154849556496	0	0	0	Y	N
k51_904	5999	0.424070678446408	2	10.0071515809802	0.990891213896351	1	9.55811879729629e-06	9.55811879729629e-06	Y	N
k51_50	214	0.41588785046729	2	5.20759899290455	0.861344537815126	0	0	0	Y	N
k51_857	556	0.381294964028777	2	6.80231755424063	0.989555316478393	0	0	0	Y	N
k51_522	680	0.395588235294118	2	5.61003922064777	0.979946862348179	0	0	0	Y	N
k51_848	419	0.412887828162291	2	7.08365025049026	0.981171548117155	2	0.000407828168398381	0.00027188544559892	Y	N
k51_238	799	0.367959949937422	2	4.46271677253575	0.972864423985059	0	0	0	Y	N
k51_824	1002	0.405189620758483	2	6.95035891943107	0.993834001050496	0	0	0	Y	N
k51_644	323	0.541795665634675	2	8.39245169082128	0.937989448258327	0	0	0	Y	N
k51_702	202	0.594059405940594	2	11.5992858205624	0.995744680851064	0	0	0	Y	N
k51_61	394	0.299492385786802	2	5.80725240206948	0.986363636363637	0	0	0	Y	N
k51_956	1133	0.39982347749338	2	8.23253453632891	0.981396478644795	0	0	0	Y	N
k51_269	1947	0.431432973805855	2	10.2674277186891	0.982120417896216	0	0	0	Y	N
k51_663	1432	0.392458100558659	2	5.78669042711141	0.988466334164589	0	0	0	Y	N
k51_223	200	0.335	2	1.88536723409813	0.759708737864077	0	0	0	Y	N
k51_113	568	0.408450704225352	2	6.28496107067535	0.974025974025974	0	0	0	Y	N
k51_585	216	0.560185185185185	2	11.7609977324263	0.971428571428572	0	0	0	Y	N
k51_354	652	0.389570552147239	2	5.65721882914259	0.984740540485117	0	0	0	Y	N
k51_858	2893	0.404770134808158	2	6.98234873740697	0.987285508061268	0	0	0	Y	N
k51_541	2366	0.418005071851226	2	7.71682275705166	0.987226952980377	0	0	0	Y	N
k51_291	372	0.39247311827957	2	5.38513513513514	0.949938574938575	0	0	0	Y	N
k51_688	410	0.404878048780488	2	8.33617454659408	0.990937757060598	0	0	0	Y	N
k51_914	658	0.379939209726444	2	7.624986957165	0.989203647321742	0	0	0	Y	N
k51_632	2314	0.395851339671564	2	10.8703540163184	0.985972683647103	0	0	0	Y	N
k51_318	216	0.342592592592593	2	6.52270010067957	0.851293103448276	0	0	0	Y	N
k51_613	654	0.379204892966361	2	4.50596400638136	0.96336499321574	0	0	0	Y	N
k51_648	678	0.374631268436578	2	5.14258601097652	0.976767163914477	0	0	0	Y	N
k51_43	283	0.392226148409894	2	8.18239377010326	1	0	0	0	Y	N
k51_527	509	0.369351669941061	2	5.60067884679853	0.993630573248407	0	0	0	Y	N
k51_557	1190	0.404201680672269	2	8.53582988367956	0.995358186449885	0	0	0	Y	N
k51_34	612	0.413398692810457	2	7.75723413565171	0.994397759103641	0	0	0	Y	N
k51_63	702	0.364672364672365	2	6.44442241079224	0.992724139308479	0	0	0	Y	N
k51_5	241	0.340248962655602	2	2.79097356727812	0.933804261137063	0	0	0	Y	N
k51_67	949	0.39304531085353	2	7.9290891333782	0.985916748670066	0	0	0	Y	N
k51_757	771	0.400778210116732	2	5.17750261597489	0.975995316159251	0	0	0	Y	N
k51_924	502	0.428286852589641	2	7.21719596565807	0.997674418604651	0	0	0	Y	N
k51_564	766	0.378590078328982	2	7.01577387513165	0.968367746834203	0	0	0	Y	N
k51_348	284	0.355633802816901	2	2.74857438275473	0.978547854785478	0	0	0	Y	N
k51_684	1349	0.438843587842847	2	10.59140787349	0.997658256740092	0	0	0	Y	N
k51_460	315	0.565079365079365	2	7.46373642081191	0.833333333333333	0	0	0	Y	N
k51_472	342	0.368421052631579	2	5.58681552167592	0.980526459661287	0	0	0	Y	N
k51_577	434	0.428571428571429	2	6.0677564464521	0.939958592132505	0	0	0	Y	N
k51_329	249	0.369477911646586	2	4.6051640070922	0.965277777777778	0	0	0	Y	N
k51_775	310	0.338709677419355	2	4.13998357963875	0.924079976818314	0	0	0	Y	N
k51_830	2496	0.40625	2	7.21505984270173	0.975114909436211	0	0	0	Y	N
k51_922	548	0.355839416058394	2	4.00751520687579	0.930959226888663	0	0	0	Y	N
k51_710	644	0.395962732919255	2	6.11440632328672	0.998110831234257	0	0	0	Y	N
k51_661	1335	0.397003745318352	2	6.66137737556127	0.992229853776539	1	4.28758064434771e-05	4.28758064434771e-05	Y	N
k51_183	319	0.373040752351097	2	4.79573741033686	0.98224043715847	0	0	0	Y	N
k51_103	818	0.404645476772616	2	7.12830067343204	0.986169250510108	0	0	0	Y	N
k51_612	279	0.39426523297491	2	16.865811180516	0.985254691689008	0	0	0	Y	N
k51_772	209	0.38755980861244	2	5.62352900456874	0.948497854077253	0	0	0	Y	N
k51_622	5408	0.413831360946746	2	7.47505916462192	0.987958796210726	0	0	0	Y	N
k51_611	402	0.40547263681592	2	7.33837261004894	0.989010989010989	0	0	0	Y	N
k51_400	1992	0.403112449799197	2	9.10706923087784	0.988509764053035	1	2.8755804020738e-05	2.8755804020738e-05	Y	N
k51_323	307	0.403908794788274	2	7.00132978723405	0.992732558139535	0	0	0	Y	N
k51_856	364	0.285714285714286	2	2.27820374854273	0.824074074074074	0	0	0	Y	N
k51_747	506	0.322134387351779	2	4.36234523903804	0.946265938069217	0	0	0	Y	N
k51_79	1012	0.483201581027668	2	15.1298745990734	0.969672131147541	0	0	0	Y	N
k51_559	209	0.382775119617225	2	6.83478954081632	0.995918367346939	0	0	0	Y	N
k51_207	746	0.438337801608579	2	7.22076032120358	0.97298799964178	0	0	0	Y	N
k51_413	730	0.356164383561644	2	5.41512419746389	0.954004159623826	0	0	0	Y	N
k51_301	1368	0.385233918128655	2	6.35562922427215	0.972238805970149	1	4.18437848441811e-05	4.18437848441811e-05	Y	N
k51_482	285	0.298245614035088	2	2.27992010092515	0.65	0	0	0	Y	N
k51_182	740	0.381081081081081	2	4.9943538878557	0.991339386646246	0	0	0	Y	N
k51_70	267	0.329588014981273	2	3.76071428571429	0.949888042991491	0	0	0	Y	N
k51_712	506	0.49604743083004	2	15.6390209945034	0.998394863563403	0	0	0	Y	N
k51_861	571	0.399299474605954	2	6.30269582470669	0.988354037267081	0	0	0	Y	N
k51_576	2015	0.384119106699752	2	8.03962107026875	0.985930735930736	0	0	0	Y	N
k51_888	1032	0.358527131782946	2	3.9049020114794	0.975947936442274	0	0	0	Y	N
k51_32	226	0.517699115044248	2	19.7093023255814	0.989950166112957	0	0	0	Y	N
k51_835	1777	0.394485087225661	2	8.23664023578111	0.971841248145286	0	0	0	Y	N
k51_637	665	0.368421052631579	2	5.56261072012452	0.961624800641281	0	0	0	Y	N
k51_341	2010	0.400497512437811	2	10.2214056703127	0.989209213374179	0	0	0	Y	N
k51_932	1704	0.40669014084507	2	6.93542994246547	0.995276694837269	0	0	0	Y	N
k51_782	283	0.328621908127208	2	5.14557568651536	0.970031545741325	0	0	0	Y	N
k51_447	206	0.393203883495146	2	6.37801120448179	0.991596638655462	0	0	0	Y	N
k51_890	735	0.420408163265306	2	7.58498357314959	0.985438008909955	0	0	0	Y	N
k51_154	980	0.437755102040816	2	9.15209178013112	0.979555555555556	0	0	0	Y	N
k51_635	1319	0.417740712661107	2	8.70110336236839	0.998031496062992	0	0	0	Y	N
k51_699	297	0.363636363636364	2	4.13119129319607	0.886503067484663	0	0	0	Y	N
k51_679	513	0.385964912280702	2	4.58215578834884	0.952272481825261	0	0	0	Y	N
k51_552	504	0.351190476190476	2	3.73977424089193	0.954354850645026	0	0	0	Y	N
k51_940	2522	0.41157811260904	2	7.26636302391421	0.985644877692242	0	0	0	Y	N
k51_13	281	0.384341637010676	2	7.17923191321843	0.928571428571428	0	0	0	Y	N
k51_236	1029	0.458697764820214	2	8.05021056041467	0.971788194444444	0	0	0	Y	N
k51_106	1188	0.457070707070707	2	7.58894135178167	0.988780852655198	0	0	0	Y	N
k51_465	204	0.573529411764706	1	1.48222222222222	0.5	39	0.0907891393219935	0.0151625251842893	N	N
k51_340	602	0.377076411960133	2	5.26461165345344	0.984239916848391	0	0	0	Y	N
k51_298	356	0.311797752808989	2	2.81603937539759	0.788409703504043	0	0	0	Y	N
k51_593	1361	0.412931667891256	2	7.29698570676383	0.992073099512314	0	0	0	Y	N
k51_445	633	0.399684044233807	2	7.4010599099304	0.996626180836707	2	0.00132018742763837	0.000197080152496367	Y	N
k51_31	405	0.387654320987654	2	6.22630769230769	0.974516483516483	1	0.000140607424071991	0.000140607424071991	Y	N
k51_616	296	0.327702702702703	2	5.2368276976823	0.823343848580442	0	0	0	Y	N
k51_486	1438	0.43115438108484	2	8.27703002270482	0.979841172877215	0	0	0	Y	N
k51_361	636	0.416666666666667	2	7.65374727632045	0.992602570815668	0	0	0	Y	N
k51_790	1719	0.395578824898197	2	6.94249471796947	0.992320249846882	0	0	0	Y	N
k51_362	240	0.329166666666667	2	4.175968575841	0.986792452830189	0	0	0	Y	N
k51_97	605	0.409917355371901	2	5.81394362128526	0.922753096375826	0	0	0	Y	N
k51_808	1216	0.398026315789474	2	7.83293641175311	0.997897687456202	0	0	0	Y	N
k51_755	282	0.375886524822695	2	4.74441015596127	1	0	0	0	Y	N
k51_356	238	0.26890756302521	2	2.32185482293094	0.831983805668016	0	0	0	Y	N
k51_144	275	0.338181818181818	2	2.29838489535942	0.682142857142857	0	0	0	Y	N
k51_681	697	0.362984218077475	2	6.3261344685399	0.980810365764876	0	0	0	Y	N
k51_853	787	0.434561626429479	2	9.02508011806874	0.998333333333334	0	0	0	Y	N
k51_134	655	0.416793893129771	2	8.13276333789328	0.995669071011068	0	0	0	Y	N
k51_76	352	0.355113636363636	2	3.95391626640445	0.97279792746114	0	0	0	Y	N
k51_742	778	0.437017994858612	2	7.56004858617186	0.923611111111111	0	0	0	Y	N
k51_250	720	0.490277777777778	2	7.73881221246338	0.937264742785445	13	0.00237109762834007	0.00108928503962786	Y	N
k51_839	340	0.370588235294118	2	5.99683577813074	0.997601918465228	0	0	0	Y	N
k51_786	2013	0.395926477893691	2	5.77892868877022	0.978948636851055	1	2.84562643955219e-05	2.84562643955219e-05	Y	N
k51_237	1760	0.413636363636364	2	7.84808191208266	0.996150612539034	0	0	0	Y	N
k51_188	583	0.320754716981132	2	4.21193974564761	0.838889963121466	0	0	0	Y	N
k51_758	260	0.361538461538462	2	8.00850815850817	0.941025641025641	0	0	0	Y	N
k51_713	1002	0.393213572854291	2	5.13140495867769	0.96969696969697	0	0	0	Y	N
k51_229	229	0.331877729257642	2	2.5241452991453	0.70940170940171	0	0	0	Y	N
k51_458	333	0.339339339339339	2	2.99937173080857	0.951520995879723	0	0	0	Y	N
k51_568	2928	0.41051912568306	2	7.33266406014108	0.994720443639798	0	0	0	Y	N
k51_733	429	0.365967365967366	2	5.56847312884213	0.954066718423221	0	0	0	Y	N
k51_412	384	0.302083333333333	2	3.39971196648338	0.860631055250066	0	0	0	Y	N
k51_38	291	0.336769759450172	2	3.13920744379369	0.973998677498583	0	0	0	Y	N
k51_72	262	0.381679389312977	2	6.17073479729729	1	0	0	0	Y	N
k51_95	1320	0.426515151515152	2	9.48012584370812	0.977408637873754	0	0	0	Y	N
k51_190	317	0.350157728706625	2	4.77864677244861	0.933856232720279	0	0	0	Y	N
k51_646	3873	0.404854118254583	2	8.57761642490188	0.990512786837372	0	0	0	Y	N
k51_82	867	0.389850057670127	2	8.07562256021311	0.981177270693196	0	0	0	Y	N
k51_666	347	0.432276657060519	2	6.45374860126818	0.989556135770235	11	0.00411128803704732	0.00186410748981053	Y	N
k51_286	330	0.3	2	7.82219330415237	0.960759493670886	0	0	0	Y	N
k51_280	630	0.398412698412698	2	5.9922350922351	0.98368993993994	0	0	0	Y	N
k51_309	356	0.539325842696629	2	34.5792388378353	1	0	0	0	Y	N
k51_87	329	0.531914893617021	2	9.05757801356321	0.953651685393259	0	0	0	Y	N
k51_75	234	0.311965811965812	2	3.3595985076205	0.713389121338912	0	0	0	Y	N
k51_937	432	0.321759259259259	2	3.37817060159692	0.83590308370044	0	0	0	Y	N
k51_500	623	0.369181380417335	2	6.18861731956758	0.9884862171366	0	0	0	Y	N
k51_639	7755	0.438168923275306	2	11.7220129365844	0.993129920196065	1	7.39562060350295e-06	7.39562060350295e-06	Y	N
k51_698	443	0.381489841986456	2	3.73603614936978	0.962296385874638	0	0	0	Y	N
k51_491	815	0.338650306748466	2	4.97014925373134	0.970682302771855	0	0	0	Y	N
k51_216	600	0.37	2	5.1501960180624	0.920386904761905	0	0	0	Y	N
k51_166	983	0.392675483214649	2	5.85322679546091	0.981858785589377	0	0	0	Y	N
k51_768	1181	0.377646062658764	2	6.66354347896127	0.98680649526387	0	0	0	Y	N
k51_867	610	0.345901639344262	2	3.88940308617781	0.905965090915287	0	0	0	Y	N
k51_594	476	0.371848739495798	2	8.06272982849094	0.978456014362657	0	0	0	Y	N
k51_180	424	0.382075471698113	2	4.33863507605929	0.987447468777217	0	0	0	Y	N
k51_598	294	0.425170068027211	2	7.27228096676737	0.977150537634409	0	0	0	Y	N
k51_845	622	0.371382636655949	2	5.5687018596416	0.996518105849582	0	0	0	Y	N
k51_98	717	0.377963737796374	2	5.97226623747181	0.978950707229644	0	0	0	Y	N
k51_297	231	0.311688311688312	2	1.95175496361661	0.851239669421487	0	0	0	Y	N
k51_481	905	0.402209944751381	2	7.58365007229909	0.997692625490602	0	0	0	Y	N
k51_150	2267	0.400529333921482	2	6.7765744300829	0.9865234375	0	0	0	Y	N
k51_275	1128	0.449468085106383	2	7.86993630497979	0.95204825308699	0	0	0	Y	N
k51_388	249	0.582329317269076	2	8.55088968756201	0.866089343593588	0	0	0	Y	N
k51_913	1499	0.408939292861908	2	8.69236948847801	0.947702566197683	0	0	0	Y	N
k51_197	317	0.309148264984227	2	8.56409904163805	0.960628659274523	0	0	0	Y	N
k51_201	443	0.399548532731377	2	5.33566252587991	0.972049689440994	0	0	0	Y	N
k51_71	917	0.394765539803708	2	6.60602823828564	0.994247787610619	0	0	0	Y	N
k51_245	767	0.383311603650587	2	6.51249789507887	0.996755456785672	0	0	0	Y	N
k51_766	1218	0.392446633825944	2	7.39639069792068	0.992364246976333	0	0	0	Y	N
k51_366	465	0.372043010752688	2	3.72897122968451	0.966313261830784	0	0	0	Y	N
k51_945	278	0.384892086330935	2	6.34831146955702	0.992507117551745	0	0	0	Y	N
k51_179	456	0.348684210526316	2	5.69209262630054	0.94649446494465	0	0	0	Y	N
k51_276	1320	0.372727272727273	2	7.03022834630968	0.975970425138632	0	0	0	Y	N
k51_112	300	0.366666666666667	2	4.38698701029861	0.972222222222222	0	0	0	Y	N
k51_80	383	0.381201044386423	2	6.63919516066755	0.994887525562372	0	0	0	Y	N
k51_392	225	0.435555555555556	2	10.9596442468038	0.996108949416342	0	0	0	Y	N
k51_813	2598	0.420323325635104	2	6.37465892276439	0.992429422927412	0	0	0	Y	N
k51_108	673	0.381872213967311	2	6.80758931824254	0.986441357200107	0	0	0	Y	N
k51_906	444	0.378378378378378	2	5.59108146653554	0.99812382739212	0	0	0	Y	N
k51_105	216	0.523148148148148	1	1.37605042016807	0.5	1	0.000261953557175216	0.000261953557175216	N	N
k51_60	818	0.366748166259169	2	6.95560307305696	0.978326612903226	0	0	0	Y	N
k51_86	410	0.353658536585366	2	3.88809169799323	0.985776805251641	0	0	0	Y	N
k51_865	881	0.354143019296254	2	4.40255742670801	0.948251522587039	0	0	0	Y	N
k51_948	3684	0.400922909880565	2	7.94733385883033	0.993141129969775	0	0	0	Y	N
k51_265	214	0.355140186915888	2	3.63161955095237	0.940792040577449	0	0	0	Y	N
k51_90	366	0.491803278688525	2	8.33823728915752	0.958230958230958	0	0	0	Y	N
k51_187	993	0.365558912386707	2	5.09067807110726	0.968378894179263	0	0	0	Y	N
k51_659	1421	0.411681914144968	2	10.9792062882501	0.999234693877551	0	0	0	Y	N
k51_898	307	0.342019543973941	2	5.42171566158882	0.908284023668639	0	0	0	Y	N
k51_202	751	0.399467376830892	2	6.48292012701515	1	0	0	0	Y	N
k51_204	309	0.268608414239482	2	3.16919887169785	0.894817073170731	0	0	0	Y	N
k51_910	4614	0.452535760728218	2	8.53252240302666	0.987471740768651	0	0	0	Y	N
k51_734	213	0.366197183098592	2	3.89810195683211	0.963097337700512	0	0	0	Y	N
k51_692	276	0.507246376811594	2	27.7949681004322	0.988372093023256	0	0	0	Y	N
k51_682	353	0.407932011331445	2	5.80791005525515	0.955692462252165	0	0	0	Y	N
k51_254	533	0.444652908067542	2	6.90324510262355	0.94578313253012	0	0	0	Y	N
k51_377	1275	0.414901960784314	2	8.27512734577581	0.996245733788396	0	0	0	Y	N
k51_941	16335	0.420691766146312	2	11.1696669748642	0.994386437021759	0	0	0	Y	N
k51_349	290	0.482758620689655	2	10.5401669529217	0.980938416422288	4	0.00137735804558595	0.00098842361154275	Y	N
k51_726	766	0.389033942558747	2	5.53921903012812	0.962809917355372	0	0	0	Y	N
k51_774	1165	0.340772532188841	2	5.14030214424951	0.956296296296296	0	0	0	Y	N
k51_680	1098	0.410746812386157	2	6.98783190948975	0.958722004156084	0	0	0	Y	N
k51_174	324	0.388888888888889	2	2.87195600326367	0.859882005899705	0	0	0	Y	N
k51_397	236	0.372881355932203	2	2.88864182692307	0.860036057692308	0	0	0	Y	N
k51_787	273	0.47985347985348	2	15.3951124144673	0.877419354838709	0	0	0	Y	N
k51_159	550	0.376363636363636	2	3.84163987138264	0.978688524590164	0	0	0	Y	N
k51_887	355	0.397183098591549	2	6.78404568943289	0.961832061068703	0	0	0	Y	N
k51_474	1796	0.440423162583519	2	12.3768329275834	0.985103315713599	2	6.43666268181516e-05	6.43666268181516e-05	Y	N
k51_836	1422	0.431082981715893	2	9.86825638871735	0.981692677070829	0	0	0	Y	N
k51_228	399	0.365914786967419	2	5.22715967070017	0.974522292993631	0	0	0	Y	N
k51_891	592	0.375	2	6.912646426907	0.998663101604278	0	0	0	Y	N
k51_617	361	0.376731301939058	2	4.56859014097443	0.971922785507646	0	0	0	Y	N
k51_333	613	0.391517128874388	2	8.0216216216216	0.998712998712999	0	0	0	Y	N
k51_21	452	0.389380530973451	2	9.35220375491728	0.985732713902808	0	0	0	Y	N
k51_433	671	0.366616989567809	2	6.64229499913151	0.992791612057667	0	0	0	Y	N
k51_99	480	0.391666666666667	2	6.97366618310765	0.906687062937063	0	0	0	Y	N
k51_418	508	0.391732283464567	2	6.34509477948483	0.991496598639456	0	0	0	Y	N
k51_874	889	0.379077615298088	2	6.11871863710484	0.97814980315138	0	0	0	Y	N
k51_310	448	0.359375	2	2.91239977090492	0.960027000490918	0	0	0	Y	N
k51_324	1386	0.371572871572872	2	5.66647858176042	0.980984143402738	0	0	0	Y	N
k51_587	327	0.587155963302752	2	23.9825756985309	0.995523362300768	0	0	0	Y	N
k51_437	430	0.42093023255814	2	9.87264922969704	0.975460122699386	0	0	0	Y	N
k51_864	275	0.367272727272727	2	3.3959854205725	0.982084690553746	0	0	0	Y	N
k51_728	331	0.341389728096677	2	4.74212394212394	0.971621621621622	0	0	0	Y	N
k51_543	1239	0.360774818401937	2	5.23107157104929	0.965338330866993	0	0	0	Y	N
k51_916	505	0.413861386138614	2	8.55413659366186	0.982142857142857	0	0	0	Y	N
k51_244	355	0.374647887323944	2	4.01261624264462	0.971582742650762	0	0	0	Y	N
k51_364	314	0.496815286624204	2	33.1168269230769	0.995192307692307	0	0	0	Y	N
k51_284	340	0.382352941176471	2	5.11145640693218	0.986876640419947	0	0	0	Y	N
k51_219	202	0.574257425742574	1	1.63111111111111	0.5	2	0.000559686136793876	0.000559686136793876	N	N
k51_533	596	0.429530201342282	2	7.4979342880818	0.957178984068417	0	0	0	Y	N
k51_302	269	0.468401486988848	2	7.38008929419589	0.896551724137931	0	0	0	Y	N
k51_949	2530	0.400395256916996	2	6.90752620012389	0.737071685223874	0	0	0	Y	N
k51_833	552	0.378623188405797	2	5.79076915653349	0.997611464968153	0	0	0	Y	N
k51_281	566	0.390459363957597	2	8.72362090276967	0.995739202557485	0	0	0	Y	N
k51_499	472	0.389830508474576	2	7.85135219771273	0.961610486891386	0	0	0	Y	N
k51_133	347	0.340057636887608	2	3.13320845598074	0.852702702702703	0	0	0	Y	N
k51_175	1412	0.427762039660057	2	7.83189085973737	0.986318407960199	0	0	0	Y	N
k51_243	306	0.339869281045752	2	5.10247875354107	0.927419735599623	0	0	0	Y	N
k51_443	1827	0.41871921182266	2	7.70661269314837	0.996665078608862	0	0	0	Y	N
k51_687	589	0.361629881154499	2	3.66013466214723	0.872176884533196	0	0	0	Y	N
k51_624	1089	0.432506887052342	2	10.4384227008202	0.99246388974872	0	0	0	Y	N
k51_854	1541	0.435431537962362	2	8.63671394561801	0.987179487179487	0	0	0	Y	N
k51_438	283	0.346289752650177	2	4.73214606943695	0.88205470503025	0	0	0	Y	N
k51_877	265	0.388679245283019	2	5.80395318159928	0.969822441843422	0	0	0	Y	N
k51_817	5529	0.42322300596853	2	9.33851104375796	0.993863874873713	0	0	0	Y	N
k51_849	596	0.322147651006711	2	3.13141852664172	0.885715207254363	0	0	0	Y	N
k51_748	1213	0.385820280296785	2	7.33778456745748	0.985933381260484	0	0	0	Y	N
k51_604	1097	0.425706472196901	2	9.65933990204629	0.992448330683625	0	0	0	Y	N
k51_820	586	0.385665529010239	2	7.10062351300352	0.967369696510725	1	9.73986910379836e-05	9.73986910379836e-05	Y	N
k51_405	1034	0.440038684719536	2	7.44030391824309	0.981417458945549	5	0.000274435319500202	0.000274435319500202	Y	N
k51_230	479	0.369519832985386	2	8.5567042850348	0.986474683270636	1	0.000119020392160523	0.000119020392160523	Y	N
k51_872	240	0.383333333333333	2	5.68398480262734	0.976553544980359	0	0	0	Y	N
k51_716	205	0.31219512195122	2	2.21020299145299	0.622596153846154	0	0	0	Y	N
k51_177	221	0.330316742081448	2	2.94039064871977	0.946648449886988	0	0	0	Y	N
k51_489	550	0.403636363636364	2	6.2795197640118	0.99250029498525	0	0	0	Y	N
k51_936	1212	0.38036303630363	2	6.35348697049707	0.985509939540045	0	0	0	Y	N
k51_248	819	0.395604395604396	2	6.70976395520985	0.965934065934066	0	0	0	Y	N
k51_931	2833	0.386163078009178	2	6.92462588707189	0.991052144399877	0	0	0	Y	N
k51_247	700	0.404285714285714	2	7.89528126058964	0.977555630859595	0	0	0	Y	N
k51_436	229	0.34061135371179	2	3.59189044038668	0.981632653061224	0	0	0	Y	N
k51_592	387	0.390180878552972	2	5.77150229357798	0.997916666666667	0	0	0	Y	N
k51_328	1037	0.403085824493732	2	7.40810840688288	0.982687376587996	2	0.000409363282026623	0.000124928416537481	Y	N
k51_719	1213	0.383347073371805	2	7.87832684863982	0.997171145685997	0	0	0	Y	N
k51_777	696	0.41235632183908	2	8.39445898281943	0.969962453066333	0	0	0	Y	N
k51_652	343	0.548104956268222	2	16.9845993515517	0.977941176470589	0	0	0	Y	N
k51_227	330	0.354545454545455	2	3.51054131054131	0.86039886039886	0	0	0	Y	N
k51_355	214	0.420560747663551	2	5.69575924740186	0.9957805907173	0	0	0	Y	N
k51_895	676	0.380177514792899	2	6.63977115362767	0.970550576184379	0	0	0	Y	N
k51_789	202	0.336633663366337	2	4.23060344827586	0.93626576029166	0	0	0	Y	N
k51_490	426	0.373239436619718	2	6.6065965583174	0.997058823529412	0	0	0	Y	N
k51_677	353	0.379603399433428	2	6.26750029644771	0.976772616136919	0	0	0	Y	N
k51_703	420	0.376190476190476	2	4.3409793814433	0.984375	0	0	0	Y	N
k51_769	254	0.37007874015748	2	4.06334459459459	0.962092607313195	0	0	0	Y	N
k51_421	291	0.45360824742268	2	10.0483575555423	0.983128834355828	3	0.000585386010422167	0.000585386010422167	Y	N
k51_793	1656	0.390096618357488	2	7.67983382154606	0.991007931633116	0	0	0	Y	N
k51_251	891	0.405162738496072	2	6.29215536493414	0.991370811558907	0	0	0	Y	N
k51_358	593	0.3929173693086	2	7.06854532222852	0.977852348993288	0	0	0	Y	N
k51_14	218	0.31651376146789	2	2.18393419041625	0.724669603524229	0	0	0	Y	N
k51_741	895	0.437988826815642	2	8.61489201117586	0.976562589826433	0	0	0	Y	N
k51_444	268	0.369402985074627	2	3.22852233676976	0.97766323024055	0	0	0	Y	N
k51_516	290	0.386206896551724	2	5.86217703182673	0.989457831325301	0	0	0	Y	N
k51_770	224	0.357142857142857	2	4.16624519134979	0.853556485355649	0	0	0	Y	N
k51_420	5814	0.423460612315101	2	7.84880508153447	0.985734035105748	0	0	0	Y	N
k51_578	263	0.437262357414449	2	8.14915275793921	0.997084548104957	1	0.000215668530155535	0.000215668530155535	Y	N
k51_479	379	0.350923482849604	2	5.66687510899624	0.989887640449438	0	0	0	Y	N
k51_911	1932	0.398550724637681	2	7.0340176586021	0.979963150621833	0	0	0	Y	N
k51_271	766	0.412532637075718	2	6.24307707060872	0.955209347614411	0	0	0	Y	N
k51_746	430	0.458139534883721	2	8.28916718937104	0.955244625648628	133	0.650685635048285	0.021935290485354	Y	N
k51_919	1532	0.414490861618799	2	6.44408164305929	0.96598418323554	0	0	0	Y	N
k51_732	386	0.505181347150259	2	33.0358995635872	0.992550248939701	0	0	0	Y	N
k51_498	350	0.345714285714286	2	3.08685198846489	0.944594594594594	0	0	0	Y	N
k51_121	524	0.385496183206107	2	5.46057192845189	0.996805111821087	0	0	0	Y	N
k51_927	725	0.373793103448276	2	4.79684867942369	0.992243436754176	0	0	0	Y	N
k51_381	812	0.360837438423645	2	4.81601313924584	0.990404620151218	0	0	0	Y	N
k51_693	338	0.328402366863905	2	2.53256476512291	0.764957264957265	0	0	0	Y	N
k51_104	394	0.434010152284264	2	6.78172107233928	0.937354988399072	0	0	0	Y	N
k51_902	313	0.34185303514377	2	4.23545524781682	0.991501416430595	0	0	0	Y	N
k51_300	622	0.454983922829582	2	8.92492972796387	0.982336706844803	0	0	0	Y	N
k51_829	214	0.350467289719626	2	2.92984466513879	0.987394957983194	0	0	0	Y	N
k51_534	349	0.444126074498567	2	7.43148935181959	0.90994623655914	0	0	0	Y	N
k51_272	400	0.345	2	3.77447661965	0.921144364062563	0	0	0	Y	N
k51_607	414	0.357487922705314	2	7.95097045418828	0.951485148514851	0	0	0	Y	N
k51_146	892	0.387892376681614	2	6.42324248184222	0.983726020826398	0	0	0	Y	N
k51_672	748	0.403743315508021	2	7.0380680112101	0.985012761485337	1	7.63885872455025e-05	7.63885872455025e-05	Y	N
k51_876	248	0.342741935483871	2	4.76398601398602	0.980769230769231	0	0	0	Y	N
k51_655	666	0.375375375375375	2	6.9765866597658	0.951782363977486	0	0	0	Y	N
k51_468	660	0.395454545454545	2	6.57180933048246	0.992021276595745	0	0	0	Y	N
k51_609	882	0.40249433106576	2	7.77664470202177	0.98793267704033	1	6.4822405673867e-05	6.4822405673867e-05	Y	N
k51_720	250	0.484	2	17.4581117701196	0.993506493506493	0	0	0	Y	N
k51_574	1151	0.417028670721112	2	6.10636421904028	0.980046948356808	2	0.00069814914347806	0.000120257462412421	Y	N
k51_419	1094	0.396709323583181	2	7.0934624776523	0.985686565211704	0	0	0	Y	N
k51_513	206	0.383495145631068	2	2.91144467113572	0.917808219178082	0	0	0	Y	N
k51_780	771	0.391699092088197	2	6.4219803666447	0.991570073761854	0	0	0	Y	N
k51_11	264	0.321969696969697	2	3.9078642421001	0.850180505415163	0	0	0	Y	N
k51_658	2002	0.40959040959041	2	7.805920902029	0.989751417357174	1	2.86123835518066e-05	2.86123835518066e-05	Y	N
k51_210	995	0.386934673366834	2	7.25154860178348	0.99835661462613	0	0	0	Y	N
k51_869	225	0.355555555555556	2	4.19799239543726	0.966	0	0	0	Y	N
k51_811	1952	0.415983606557377	2	9.88966698439175	1	0	0	0	Y	N
k51_347	299	0.464882943143813	2	8.41473322905806	0.949404761904762	0	0	0	Y	N
k51_215	1114	0.396768402154399	2	7.77852452822813	0.992935635792779	0	0	0	Y	N
k51_690	1100	0.37	2	7.52851351442392	0.974663823652263	0	0	0	Y	N
k51_725	431	0.354988399071926	2	6.69991596701705	0.961845649417396	0	0	0	Y	N
k51_764	794	0.425692695214106	2	6.83352444729841	0.93369650580278	0	0	0	Y	N
k51_196	230	0.304347826086957	2	2.21650342487677	0.902326995710902	0	0	0	Y	N
k51_100	508	0.320866141732283	2	2.67622919023759	0.857981251010183	0	0	0	Y	N
k51_442	652	0.386503067484663	2	6.76732417143498	0.993011435832275	0	0	0	Y	N
k51_252	284	0.345070422535211	2	4.30134025483718	0.961656441717792	0	0	0	Y	N
k51_588	5295	0.401133144475921	2	7.45444105033532	0.987259694547727	0	0	0	Y	N
k51_306	485	0.352577319587629	2	5.49070526332225	0.918388058769341	0	0	0	Y	N
k51_380	5413	0.43340107149455	2	11.150592209849	0.993491668967671	1	1.05922874854823e-05	1.05922874854823e-05	Y	N
k51_312	247	0.323886639676113	2	4.48135824748728	0.975173571947765	0	0	0	Y	N
k51_819	235	0.497872340425532	2	30.0341675672136	0.992283950617284	0	0	0	Y	N
k51_771	644	0.408385093167702	2	9.09789669038043	0.978966903804516	0	0	0	Y	N
k51_160	388	0.358247422680412	2	6.62427177858439	0.993684210526316	0	0	0	Y	N
k51_240	1242	0.425925925925926	2	9.93895004306419	0.994231727156953	0	0	0	Y	N
k51_510	988	0.428137651821862	2	9.1508321384819	0.990252690475798	0	0	0	Y	N
k51_463	284	0.447183098591549	2	7.25680360703441	0.882636655948553	6	0.00140423322143508	0.00121351311681147	Y	N
k51_289	1656	0.385265700483092	2	6.51142388330883	0.986169080720235	1	3.45797643287355e-05	3.45797643287355e-05	Y	N
k51_81	382	0.337696335078534	2	2.80112816887759	0.852579852579852	0	0	0	Y	N
k51_668	595	0.373109243697479	2	6.3860447523491	0.998550724637681	0	0	0	Y	N
k51_750	277	0.55956678700361	2	13.146085643746	0.902282887932472	0	0	0	Y	N
k51_279	233	0.330472103004292	2	2.71051202365507	0.842432791237969	0	0	0	Y	N
k51_277	354	0.370056497175141	2	7.14925548721052	0.988179669030733	0	0	0	Y	N
k51_673	265	0.411320754716981	2	6.11322009009188	0.990415335463259	0	0	0	Y	N
k51_736	204	0.333333333333333	2	2.21594759897512	0.961546408794115	0	0	0	Y	N
k51_508	258	0.348837209302326	2	5.05635205558773	0.912727272727272	0	0	0	Y	N
k51_700	515	0.392233009708738	2	9.5723121507241	0.971524288107202	0	0	0	Y	N
k51_627	427	0.34192037470726	2	3.98305164641148	0.9261386036785	0	0	0	Y	N
k51_170	1447	0.407049067035245	2	8.70915961505288	0.997340425531915	0	0	0	Y	N
k51_194	2357	0.441238862961392	2	8.86063740564721	0.98161897586191	0	0	0	Y	N
k51_94	343	0.326530612244898	2	3.36884328358209	0.887769485903815	0	0	0	Y	N
k51_894	1254	0.409090909090909	2	7.55723573486341	0.991331484049931	0	0	0	Y	N
k51_506	451	0.436807095343681	2	8.38063366114595	0.973631530693684	0	0	0	Y	N
k51_784	1429	0.460461861441568	2	9.90507878717569	0.997039668442866	0	0	0	Y	N
k51_195	1108	0.425992779783394	2	9.03617593282749	0.998442367601246	0	0	0	Y	N
k51_642	2624	0.464176829268293	2	9.51001099623701	0.979747675962815	2	4.36755455054225e-05	4.36755455054225e-05	Y	N
k51_634	439	0.41002277904328	2	5.27528957528958	0.971852291852292	0	0	0	Y	N
k51_316	291	0.316151202749141	1	3.18876080691643	0.5	0	0	0	Y	N
k51_880	250	0.608	1	1.81884057971015	0.5	2	0.00045350062467488	0.00045350062467488	N	N
k51_670	447	0.380313199105145	2	4.41752796692607	0.988326848249027	0	0	0	Y	N
k51_925	1139	0.426690079016681	2	7.45337280216313	0.981637337413925	0	0	0	Y	N
k51_313	501	0.36127744510978	2	4.41498576283641	0.980733902819877	0	0	0	Y	N
k51_386	213	0.544600938967136	2	12.9264453234249	0.951496264333374	0	0	0	Y	N
k51_168	219	0.502283105022831	2	17.5584186671143	0.93050193050193	0	0	0	Y	N
k51_729	561	0.360071301247772	2	4.30441105769231	0.977644230769231	0	0	0	Y	N
k51_512	627	0.397129186602871	2	5.28288211268057	0.963085712779239	0	0	0	Y	N
k51_740	485	0.393814432989691	2	5.21438152771671	0.982504604051565	0	0	0	Y	N
k51_52	415	0.383132530120482	2	5.70148509622494	0.975587806578364	0	0	0	Y	N
k51_487	265	0.324528301886792	2	2.74081666313235	0.875886524822695	0	0	0	Y	N
k51_689	2260	0.419026548672566	2	7.28014727687069	0.996400093939167	0	0	0	Y	N
k51_378	5499	0.429350791052919	2	7.36535907549389	0.987652631377261	0	0	0	Y	N
k51_571	335	0.402985074626866	2	5.73107381792332	0.921827144745846	0	0	0	Y	N
k51_4	213	0.535211267605634	2	13.0979747162023	0.945098039215686	8	0.0114119090290647	0.00238941272365476	Y	N
k51_282	649	0.423728813559322	2	9.19789693807191	0.992121609943663	0	0	0	Y	N
k51_327	438	0.335616438356164	2	3.37412411684811	0.949260042283298	0	0	0	Y	N
k51_739	408	0.409313725490196	2	7.78996081753681	0.926120936143175	9	0.00850040927686442	0.00150654845887893	Y	N
k51_359	789	0.468948035487959	2	8.9302775665399	0.969335143943509	0	0	0	Y	N
k51_29	449	0.420935412026726	2	7.50460183064054	0.985089463220676	0	0	0	Y	N
k51_879	868	0.420506912442396	2	6.78885059522992	0.987580496780129	0	0	0	Y	N
k51_145	216	0.560185185185185	1	1.72291666666667	0.5	54	0.103128032329983	0.0245714204931657	N	N
k51_434	370	0.408108108108108	2	8.20025081010707	0.984377019284617	0	0	0	Y	N
k51_816	588	0.374149659863946	2	5.75702699593527	0.966219929953729	0	0	0	Y	N
k51_633	364	0.351648351648352	2	4.84832552771927	0.971546856092861	0	0	0	Y	N
k51_572	419	0.367541766109785	2	7.82671365293785	0.994985276003557	4	0.000827670054359818	0.000579461643791421	Y	N
k51_371	320	0.36875	2	5.63830239235761	0.947780678851175	0	0	0	Y	N
k51_199	227	0.559471365638767	1	1.32470119521912	0.49601593625498	2	0.000498850687142369	0.000498850687142369	N	N
k51_797	362	0.389502762430939	2	8.40135423006696	0.991745283018868	0	0	0	Y	N
k51_628	6344	0.416771752837327	2	9.96603880747041	0.989642273673615	2	0.000128806245952221	1.86058140444831e-05	Y	N
k51_74	300	0.32	2	3.51442972044078	0.941616766467066	0	0	0	Y	N
k51_308	619	0.368336025848142	2	4.39411011523687	0.959169703535901	0	0	0	Y	N
k51_379	232	0.353448275862069	2	6.39554261485616	0.943189136968656	0	0	0	Y	N
k51_669	3945	0.390874524714829	2	7.67956807735385	0.986355624408914	0	0	0	Y	N
k51_470	1143	0.393700787401575	2	7.25103940587635	0.984391512580478	0	0	0	Y	N
k51_761	371	0.353099730458221	2	9.17636960740409	0.980519480519481	0	0	0	Y	N
k51_246	370	0.386486486486486	2	7.18710209258086	1	0	0	0	Y	N
k51_649	237	0.350210970464135	2	2.45275519421861	0.786585365853659	0	0	0	Y	N
k51_656	345	0.397101449275362	2	5.78150303643725	0.956857287449393	0	0	0	Y	N
k51_947	511	0.377690802348337	2	7.47858309747772	0.98122866894198	0	0	0	Y	N
k51_30	413	0.462469733656174	2	9.96803159350656	0.95619494795079	0	0	0	Y	N
k51_423	1862	0.421589688506982	2	8.00773338779613	0.978713672452568	0	0	0	Y	N
k51_929	343	0.376093294460641	2	3.92795067371834	0.967277486910995	0	0	0	Y	N
k51_683	260	0.434615384615385	2	5.66275167785235	0.977987421383648	0	0	0	Y	N
k51_342	1185	0.39915611814346	2	9.06525925632806	0.998901903367497	0	0	0	Y	N
k51_40	247	0.522267206477733	1	1.63138686131387	0.5	5	0.00171680114788801	0.00159280089988751	N	N
k51_439	312	0.365384615384615	2	4.93320276497696	0.967987711213518	0	0	0	Y	N
k51_840	1194	0.416247906197655	2	10.0774650197338	0.997602815216023	0	0	0	Y	N
k51_478	422	0.360189573459716	2	6.20962439862011	0.989173228346456	0	0	0	Y	N
k51_171	2415	0.429399585921325	2	8.84411764705881	0.987380720132321	1	2.37253221759191e-05	2.37253221759191e-05	Y	N
k51_457	455	0.50989010989011	2	9.24158249158252	0.957875860049773	28	0.00857353536438088	0.00380186929319022	Y	N
k51_779	443	0.376975169300226	2	4.88293966131419	0.973843058350101	0	0	0	Y	N
k51_406	304	0.368421052631579	2	5.45428571428572	0.997142857142857	0	0	0	Y	N
k51_368	665	0.392481203007519	2	5.29661196240215	0.984029477841247	0	0	0	Y	N
k51_256	216	0.597222222222222	1	1.49583333333333	0.5	2	0.000523907114350432	0.000523907114350432	N	N
k51_606	1205	0.383402489626556	2	6.77722026589045	0.980345745906424	0	0	0	Y	N
k51_334	1083	0.368421052631579	2	5.91466772004834	0.963870248164328	0	0	0	Y	N
k51_951	310	0.341935483870968	2	3.78379532317394	0.834504729374671	0	0	0	Y	N
k51_705	6228	0.437700706486834	2	8.49606595572472	0.987662476421404	0	0	0	Y	N
k51_575	276	0.351449275362319	2	4.14634919660847	0.934255878412241	0	0	0	Y	N
k51_338	984	0.421747967479675	2	7.13453915849501	0.979489516864175	0	0	0	Y	N
k51_448	1689	0.437537004144464	2	9.80320904371702	0.986012207527976	0	0	0	Y	N
k51_360	260	0.326923076923077	2	2.14116670648743	0.855871886120997	0	0	0	Y	N
k51_430	3360	0.396428571428571	2	8.08525344594825	0.980603801109623	0	0	0	Y	N
k51_417	1405	0.425622775800712	2	8.8367524002999	0.990132268414391	0	0	0	Y	N
k51_56	580	0.372413793103448	2	6.53601931362103	0.956723338485317	0	0	0	Y	N
k51_558	541	0.32902033271719	2	3.52066178670774	0.899475524475524	0	0	0	Y	N
k51_16	322	0.397515527950311	2	6.61361647975821	0.983387019804342	0	0	0	Y	N
k51_955	628	0.418789808917197	2	6.103127741032	0.924486803519061	0	0	0	Y	N
k51_325	2068	0.437620889748549	2	7.50261507183411	0.987301098498864	0	0	0	Y	N
k51_841	1550	0.416774193548387	2	9.43575158540325	0.998792853693867	3	0.000110820017426991	0.000110820017426991	Y	N
k51_259	2138	0.453227315247895	2	7.68830793088092	0.984612228149364	0	0	0	Y	N
k51_456	254	0.350393700787402	2	6.82100201121338	0.899641577060932	0	0	0	Y	N
k51_727	307	0.397394136807818	2	6.07560290490545	0.997191011235955	0	0	0	Y	N
k51_192	571	0.373029772329247	2	6.80059320373555	0.948422839976489	0	0	0	Y	N
k51_809	922	0.367678958785249	2	5.66080595178956	0.995901639344263	0	0	0	Y	N
k51_122	260	0.407692307692308	2	8.01572367960124	0.982935153583618	0	0	0	Y	N
k51_131	1014	0.418145956607495	2	9.58031596181554	0.987352445193929	0	0	0	Y	N
k51_454	406	0.379310344827586	2	5.35651625268854	0.969894799833484	0	0	0	Y	N
k51_721	235	0.374468085106383	2	2.94566681634485	0.904026343361772	0	0	0	Y	N
k51_319	380	0.368421052631579	2	6.7995288248337	0.943181818181818	0	0	0	Y	N
