name	xstart	xend	ystart	yend	dp	fill
ZDH221200141R	0	4	0	1	0	grey100
ZDH221200141R	4	29866	0	1	3721	grey0
ZDH221200141R	29866	29867	0	1	0	grey100
ZDH230100321R	0	42	1.5	2.5	0	grey100
ZDH230100321R	42	29839	1.5	2.5	57	grey30
ZDH230100321R	29839	29867	1.5	2.5	0	grey100
CF231C0481-8B6AXX1LXF1-N002J019	0	38	3	4	0	grey100
CF231C0481-8B6AXX1LXF1-N002J019	38	22795	3	4	369	grey15
CF231C0481-8B6AXX1LXF1-N002J019	22795	22815	3	4	0	grey100
CF231C0481-8B6AXX1LXF1-N002J019	22815	23009	3	4	132	grey25
CF231C0481-8B6AXX1LXF1-N002J019	23009	23075	3	4	0	grey100
CF231C0481-8B6AXX1LXF1-N002J019	23075	28336	3	4	364	grey15
CF231C0481-8B6AXX1LXF1-N002J019	28336	28366	3	4	0	grey100
CF231C0481-8B6AXX1LXF1-N002J019	28366	29849	3	4	793	grey10
CF231C0481-8B6AXX1LXF1-N002J019	29849	29867	3	4	0	grey100
MDL001-Q24C22520006L-RNA-D11-20221223	0	22	4.5	5.5	0	grey100
MDL001-Q24C22520006L-RNA-D11-20221223	22	350	4.5	5.5	5	grey40
MDL001-Q24C22520006L-RNA-D11-20221223	350	358	4.5	5.5	0	grey100
MDL001-Q24C22520006L-RNA-D11-20221223	358	984	4.5	5.5	5	grey40
MDL001-Q24C22520006L-RNA-D11-20221223	984	1003	4.5	5.5	0	grey100
MDL001-Q24C22520006L-RNA-D11-20221223	1003	1068	4.5	5.5	3	grey40
MDL001-Q24C22520006L-RNA-D11-20221223	1068	1077	4.5	5.5	0	grey100
MDL001-Q24C22520006L-RNA-D11-20221223	1077	1127	4.5	5.5	2	grey40
MDL001-Q24C22520006L-RNA-D11-20221223	1127	1133	4.5	5.5	0	grey100
MDL001-Q24C22520006L-RNA-D11-20221223	1133	1259	4.5	5.5	3	grey40
MDL001-Q24C22520006L-RNA-D11-20221223	1259	1309	4.5	5.5	0	grey100
MDL001-Q24C22520006L-RNA-D11-20221223	1309	1423	4.5	5.5	3	grey40
MDL001-Q24C22520006L-RNA-D11-20221223	1423	1432	4.5	5.5	0	grey100
MDL001-Q24C22520006L-RNA-D11-20221223	1432	1482	4.5	5.5	2	grey40
MDL001-Q24C22520006L-RNA-D11-20221223	1482	1501	4.5	5.5	0	grey100
MDL001-Q24C22520006L-RNA-D11-20221223	1501	1701	4.5	5.5	5	grey40
MDL001-Q24C22520006L-RNA-D11-20221223	1701	1745	4.5	5.5	0	grey100
MDL001-Q24C22520006L-RNA-D11-20221223	1745	1990	4.5	5.5	4	grey40
MDL001-Q24C22520006L-RNA-D11-20221223	1990	2001	4.5	5.5	0	grey100
MDL001-Q24C22520006L-RNA-D11-20221223	2001	2051	4.5	5.5	2	grey40
MDL001-Q24C22520006L-RNA-D11-20221223	2051	2064	4.5	5.5	0	grey100
MDL001-Q24C22520006L-RNA-D11-20221223	2064	2157	4.5	5.5	6	grey40
MDL001-Q24C22520006L-RNA-D11-20221223	2157	2171	4.5	5.5	0	grey100
MDL001-Q24C22520006L-RNA-D11-20221223	2171	2295	4.5	5.5	4	grey40
MDL001-Q24C22520006L-RNA-D11-20221223	2295	2317	4.5	5.5	0	grey100
MDL001-Q24C22520006L-RNA-D11-20221223	2317	2374	4.5	5.5	5	grey40
MDL001-Q24C22520006L-RNA-D11-20221223	2374	2375	4.5	5.5	0	grey100
MDL001-Q24C22520006L-RNA-D11-20221223	2375	2609	4.5	5.5	5	grey40
MDL001-Q24C22520006L-RNA-D11-20221223	2609	2643	4.5	5.5	0	grey100
MDL001-Q24C22520006L-RNA-D11-20221223	2643	2821	4.5	5.5	4	grey40
MDL001-Q24C22520006L-RNA-D11-20221223	2821	2839	4.5	5.5	0	grey100
MDL001-Q24C22520006L-RNA-D11-20221223	2839	2940	4.5	5.5	2	grey40
MDL001-Q24C22520006L-RNA-D11-20221223	2940	2949	4.5	5.5	0	grey100
MDL001-Q24C22520006L-RNA-D11-20221223	2949	3340	4.5	5.5	4	grey40
MDL001-Q24C22520006L-RNA-D11-20221223	3340	3354	4.5	5.5	0	grey100
MDL001-Q24C22520006L-RNA-D11-20221223	3354	3528	4.5	5.5	5	grey40
MDL001-Q24C22520006L-RNA-D11-20221223	3528	3529	4.5	5.5	0	grey100
MDL001-Q24C22520006L-RNA-D11-20221223	3529	4279	4.5	5.5	6	grey40
MDL001-Q24C22520006L-RNA-D11-20221223	4279	4289	4.5	5.5	0	grey100
MDL001-Q24C22520006L-RNA-D11-20221223	4289	4342	4.5	5.5	3	grey40
MDL001-Q24C22520006L-RNA-D11-20221223	4342	4348	4.5	5.5	0	grey100
MDL001-Q24C22520006L-RNA-D11-20221223	4348	4428	4.5	5.5	4	grey40
MDL001-Q24C22520006L-RNA-D11-20221223	4428	4446	4.5	5.5	0	grey100
MDL001-Q24C22520006L-RNA-D11-20221223	4446	4577	4.5	5.5	5	grey40
MDL001-Q24C22520006L-RNA-D11-20221223	4577	4579	4.5	5.5	0	grey100
MDL001-Q24C22520006L-RNA-D11-20221223	4579	4718	4.5	5.5	4	grey40
MDL001-Q24C22520006L-RNA-D11-20221223	4718	4778	4.5	5.5	0	grey100
MDL001-Q24C22520006L-RNA-D11-20221223	4778	4907	4.5	5.5	4	grey40
MDL001-Q24C22520006L-RNA-D11-20221223	4907	4942	4.5	5.5	0	grey100
MDL001-Q24C22520006L-RNA-D11-20221223	4942	5173	4.5	5.5	5	grey40
MDL001-Q24C22520006L-RNA-D11-20221223	5173	5179	4.5	5.5	0	grey100
MDL001-Q24C22520006L-RNA-D11-20221223	5179	5307	4.5	5.5	3	grey40
MDL001-Q24C22520006L-RNA-D11-20221223	5307	5309	4.5	5.5	0	grey100
MDL001-Q24C22520006L-RNA-D11-20221223	5309	5771	4.5	5.5	5	grey40
MDL001-Q24C22520006L-RNA-D11-20221223	5771	5791	4.5	5.5	0	grey100
MDL001-Q24C22520006L-RNA-D11-20221223	5791	5857	4.5	5.5	4	grey40
MDL001-Q24C22520006L-RNA-D11-20221223	5857	5866	4.5	5.5	0	grey100
MDL001-Q24C22520006L-RNA-D11-20221223	5866	6004	4.5	5.5	6	grey40
MDL001-Q24C22520006L-RNA-D11-20221223	6004	6029	4.5	5.5	0	grey100
MDL001-Q24C22520006L-RNA-D11-20221223	6029	6275	4.5	5.5	6	grey40
MDL001-Q24C22520006L-RNA-D11-20221223	6275	6277	4.5	5.5	0	grey100
MDL001-Q24C22520006L-RNA-D11-20221223	6277	6564	4.5	5.5	4	grey40
MDL001-Q24C22520006L-RNA-D11-20221223	6564	6581	4.5	5.5	0	grey100
MDL001-Q24C22520006L-RNA-D11-20221223	6581	6663	4.5	5.5	3	grey40
MDL001-Q24C22520006L-RNA-D11-20221223	6663	6688	4.5	5.5	0	grey100
MDL001-Q24C22520006L-RNA-D11-20221223	6688	6820	4.5	5.5	6	grey40
MDL001-Q24C22520006L-RNA-D11-20221223	6820	6859	4.5	5.5	0	grey100
MDL001-Q24C22520006L-RNA-D11-20221223	6859	6909	4.5	5.5	2	grey40
MDL001-Q24C22520006L-RNA-D11-20221223	6909	7126	4.5	5.5	0	grey100
MDL001-Q24C22520006L-RNA-D11-20221223	7126	7183	4.5	5.5	3	grey40
MDL001-Q24C22520006L-RNA-D11-20221223	7183	7216	4.5	5.5	0	grey100
MDL001-Q24C22520006L-RNA-D11-20221223	7216	7266	4.5	5.5	2	grey40
MDL001-Q24C22520006L-RNA-D11-20221223	7266	7269	4.5	5.5	0	grey100
MDL001-Q24C22520006L-RNA-D11-20221223	7269	7319	4.5	5.5	2	grey40
MDL001-Q24C22520006L-RNA-D11-20221223	7319	7378	4.5	5.5	0	grey100
MDL001-Q24C22520006L-RNA-D11-20221223	7378	7473	4.5	5.5	2	grey40
MDL001-Q24C22520006L-RNA-D11-20221223	7473	7507	4.5	5.5	0	grey100
MDL001-Q24C22520006L-RNA-D11-20221223	7507	7583	4.5	5.5	2	grey40
MDL001-Q24C22520006L-RNA-D11-20221223	7583	7630	4.5	5.5	0	grey100
MDL001-Q24C22520006L-RNA-D11-20221223	7630	7754	4.5	5.5	2	grey40
MDL001-Q24C22520006L-RNA-D11-20221223	7754	7819	4.5	5.5	0	grey100
MDL001-Q24C22520006L-RNA-D11-20221223	7819	7869	4.5	5.5	2	grey40
MDL001-Q24C22520006L-RNA-D11-20221223	7869	7950	4.5	5.5	0	grey100
MDL001-Q24C22520006L-RNA-D11-20221223	7950	8000	4.5	5.5	2	grey40
MDL001-Q24C22520006L-RNA-D11-20221223	8000	8011	4.5	5.5	0	grey100
MDL001-Q24C22520006L-RNA-D11-20221223	8011	8061	4.5	5.5	2	grey40
MDL001-Q24C22520006L-RNA-D11-20221223	8061	8100	4.5	5.5	0	grey100
MDL001-Q24C22520006L-RNA-D11-20221223	8100	8175	4.5	5.5	2	grey40
MDL001-Q24C22520006L-RNA-D11-20221223	8175	8184	4.5	5.5	0	grey100
MDL001-Q24C22520006L-RNA-D11-20221223	8184	8234	4.5	5.5	2	grey40
MDL001-Q24C22520006L-RNA-D11-20221223	8234	8330	4.5	5.5	0	grey100
MDL001-Q24C22520006L-RNA-D11-20221223	8330	8420	4.5	5.5	4	grey40
MDL001-Q24C22520006L-RNA-D11-20221223	8420	8549	4.5	5.5	0	grey100
MDL001-Q24C22520006L-RNA-D11-20221223	8549	8614	4.5	5.5	3	grey40
MDL001-Q24C22520006L-RNA-D11-20221223	8614	8628	4.5	5.5	0	grey100
MDL001-Q24C22520006L-RNA-D11-20221223	8628	9079	4.5	5.5	3	grey40
MDL001-Q24C22520006L-RNA-D11-20221223	9079	9097	4.5	5.5	0	grey100
MDL001-Q24C22520006L-RNA-D11-20221223	9097	9147	4.5	5.5	2	grey40
MDL001-Q24C22520006L-RNA-D11-20221223	9147	9211	4.5	5.5	0	grey100
MDL001-Q24C22520006L-RNA-D11-20221223	9211	9361	4.5	5.5	5	grey40
MDL001-Q24C22520006L-RNA-D11-20221223	9361	9421	4.5	5.5	0	grey100
MDL001-Q24C22520006L-RNA-D11-20221223	9421	9492	4.5	5.5	4	grey40
MDL001-Q24C22520006L-RNA-D11-20221223	9492	9498	4.5	5.5	0	grey100
MDL001-Q24C22520006L-RNA-D11-20221223	9498	9548	4.5	5.5	2	grey40
MDL001-Q24C22520006L-RNA-D11-20221223	9548	9561	4.5	5.5	0	grey100
MDL001-Q24C22520006L-RNA-D11-20221223	9561	9707	4.5	5.5	2	grey40
MDL001-Q24C22520006L-RNA-D11-20221223	9707	9715	4.5	5.5	0	grey100
MDL001-Q24C22520006L-RNA-D11-20221223	9715	9765	4.5	5.5	2	grey40
MDL001-Q24C22520006L-RNA-D11-20221223	9765	9767	4.5	5.5	0	grey100
MDL001-Q24C22520006L-RNA-D11-20221223	9767	9850	4.5	5.5	3	grey40
MDL001-Q24C22520006L-RNA-D11-20221223	9850	9851	4.5	5.5	0	grey100
MDL001-Q24C22520006L-RNA-D11-20221223	9851	9966	4.5	5.5	2	grey40
MDL001-Q24C22520006L-RNA-D11-20221223	9966	9987	4.5	5.5	0	grey100
MDL001-Q24C22520006L-RNA-D11-20221223	9987	10116	4.5	5.5	3	grey40
MDL001-Q24C22520006L-RNA-D11-20221223	10116	10161	4.5	5.5	0	grey100
MDL001-Q24C22520006L-RNA-D11-20221223	10161	10211	4.5	5.5	2	grey40
MDL001-Q24C22520006L-RNA-D11-20221223	10211	10237	4.5	5.5	0	grey100
MDL001-Q24C22520006L-RNA-D11-20221223	10237	10675	4.5	5.5	3	grey40
MDL001-Q24C22520006L-RNA-D11-20221223	10675	10676	4.5	5.5	0	grey100
MDL001-Q24C22520006L-RNA-D11-20221223	10676	10732	4.5	5.5	6	grey40
MDL001-Q24C22520006L-RNA-D11-20221223	10732	10735	4.5	5.5	0	grey100
MDL001-Q24C22520006L-RNA-D11-20221223	10735	10841	4.5	5.5	3	grey40
MDL001-Q24C22520006L-RNA-D11-20221223	10841	10886	4.5	5.5	0	grey100
MDL001-Q24C22520006L-RNA-D11-20221223	10886	10936	4.5	5.5	2	grey40
MDL001-Q24C22520006L-RNA-D11-20221223	10936	10950	4.5	5.5	0	grey100
MDL001-Q24C22520006L-RNA-D11-20221223	10950	11094	4.5	5.5	4	grey40
MDL001-Q24C22520006L-RNA-D11-20221223	11094	11188	4.5	5.5	0	grey100
MDL001-Q24C22520006L-RNA-D11-20221223	11188	11318	4.5	5.5	3	grey40
MDL001-Q24C22520006L-RNA-D11-20221223	11318	11338	4.5	5.5	0	grey100
MDL001-Q24C22520006L-RNA-D11-20221223	11338	11584	4.5	5.5	4	grey40
MDL001-Q24C22520006L-RNA-D11-20221223	11584	11586	4.5	5.5	0	grey100
MDL001-Q24C22520006L-RNA-D11-20221223	11586	11661	4.5	5.5	5	grey40
MDL001-Q24C22520006L-RNA-D11-20221223	11661	11735	4.5	5.5	0	grey100
MDL001-Q24C22520006L-RNA-D11-20221223	11735	11821	4.5	5.5	2	grey40
MDL001-Q24C22520006L-RNA-D11-20221223	11821	11832	4.5	5.5	0	grey100
MDL001-Q24C22520006L-RNA-D11-20221223	11832	12035	4.5	5.5	7	grey40
MDL001-Q24C22520006L-RNA-D11-20221223	12035	12054	4.5	5.5	0	grey100
MDL001-Q24C22520006L-RNA-D11-20221223	12054	12104	4.5	5.5	2	grey40
MDL001-Q24C22520006L-RNA-D11-20221223	12104	12225	4.5	5.5	0	grey100
MDL001-Q24C22520006L-RNA-D11-20221223	12225	12284	4.5	5.5	6	grey40
MDL001-Q24C22520006L-RNA-D11-20221223	12284	12360	4.5	5.5	0	grey100
MDL001-Q24C22520006L-RNA-D11-20221223	12360	12454	4.5	5.5	4	grey40
MDL001-Q24C22520006L-RNA-D11-20221223	12454	12460	4.5	5.5	0	grey100
MDL001-Q24C22520006L-RNA-D11-20221223	12460	12510	4.5	5.5	2	grey40
MDL001-Q24C22520006L-RNA-D11-20221223	12510	12530	4.5	5.5	0	grey100
MDL001-Q24C22520006L-RNA-D11-20221223	12530	12636	4.5	5.5	7	grey40
MDL001-Q24C22520006L-RNA-D11-20221223	12636	12654	4.5	5.5	0	grey100
MDL001-Q24C22520006L-RNA-D11-20221223	12654	12765	4.5	5.5	6	grey40
MDL001-Q24C22520006L-RNA-D11-20221223	12765	12788	4.5	5.5	0	grey100
MDL001-Q24C22520006L-RNA-D11-20221223	12788	13009	4.5	5.5	6	grey40
MDL001-Q24C22520006L-RNA-D11-20221223	13009	13020	4.5	5.5	0	grey100
MDL001-Q24C22520006L-RNA-D11-20221223	13020	13080	4.5	5.5	4	grey40
MDL001-Q24C22520006L-RNA-D11-20221223	13080	13127	4.5	5.5	0	grey100
MDL001-Q24C22520006L-RNA-D11-20221223	13127	13177	4.5	5.5	2	grey40
MDL001-Q24C22520006L-RNA-D11-20221223	13177	13205	4.5	5.5	0	grey100
MDL001-Q24C22520006L-RNA-D11-20221223	13205	13258	4.5	5.5	3	grey40
MDL001-Q24C22520006L-RNA-D11-20221223	13258	13338	4.5	5.5	0	grey100
MDL001-Q24C22520006L-RNA-D11-20221223	13338	13617	4.5	5.5	6	grey40
MDL001-Q24C22520006L-RNA-D11-20221223	13617	13680	4.5	5.5	0	grey100
MDL001-Q24C22520006L-RNA-D11-20221223	13680	14097	4.5	5.5	4	grey40
MDL001-Q24C22520006L-RNA-D11-20221223	14097	14111	4.5	5.5	0	grey100
MDL001-Q24C22520006L-RNA-D11-20221223	14111	14253	4.5	5.5	5	grey40
MDL001-Q24C22520006L-RNA-D11-20221223	14253	14256	4.5	5.5	0	grey100
MDL001-Q24C22520006L-RNA-D11-20221223	14256	14423	4.5	5.5	7	grey40
MDL001-Q24C22520006L-RNA-D11-20221223	14423	14438	4.5	5.5	0	grey100
MDL001-Q24C22520006L-RNA-D11-20221223	14438	14801	4.5	5.5	5	grey40
MDL001-Q24C22520006L-RNA-D11-20221223	14801	14858	4.5	5.5	0	grey100
MDL001-Q24C22520006L-RNA-D11-20221223	14858	15023	4.5	5.5	6	grey40
MDL001-Q24C22520006L-RNA-D11-20221223	15023	15046	4.5	5.5	0	grey100
MDL001-Q24C22520006L-RNA-D11-20221223	15046	15295	4.5	5.5	5	grey40
MDL001-Q24C22520006L-RNA-D11-20221223	15295	15378	4.5	5.5	0	grey100
MDL001-Q24C22520006L-RNA-D11-20221223	15378	15569	4.5	5.5	7	grey40
MDL001-Q24C22520006L-RNA-D11-20221223	15569	15623	4.5	5.5	0	grey100
MDL001-Q24C22520006L-RNA-D11-20221223	15623	15673	4.5	5.5	2	grey40
MDL001-Q24C22520006L-RNA-D11-20221223	15673	15688	4.5	5.5	0	grey100
MDL001-Q24C22520006L-RNA-D11-20221223	15688	15770	4.5	5.5	3	grey40
MDL001-Q24C22520006L-RNA-D11-20221223	15770	15807	4.5	5.5	0	grey100
MDL001-Q24C22520006L-RNA-D11-20221223	15807	15927	4.5	5.5	4	grey40
MDL001-Q24C22520006L-RNA-D11-20221223	15927	15939	4.5	5.5	0	grey100
MDL001-Q24C22520006L-RNA-D11-20221223	15939	16009	4.5	5.5	4	grey40
MDL001-Q24C22520006L-RNA-D11-20221223	16009	16038	4.5	5.5	0	grey100
MDL001-Q24C22520006L-RNA-D11-20221223	16038	16135	4.5	5.5	4	grey40
MDL001-Q24C22520006L-RNA-D11-20221223	16135	16146	4.5	5.5	0	grey100
MDL001-Q24C22520006L-RNA-D11-20221223	16146	16271	4.5	5.5	7	grey40
MDL001-Q24C22520006L-RNA-D11-20221223	16271	16284	4.5	5.5	0	grey100
MDL001-Q24C22520006L-RNA-D11-20221223	16284	16334	4.5	5.5	2	grey40
MDL001-Q24C22520006L-RNA-D11-20221223	16334	16351	4.5	5.5	0	grey100
MDL001-Q24C22520006L-RNA-D11-20221223	16351	16401	4.5	5.5	2	grey40
MDL001-Q24C22520006L-RNA-D11-20221223	16401	16407	4.5	5.5	0	grey100
MDL001-Q24C22520006L-RNA-D11-20221223	16407	16614	4.5	5.5	4	grey40
MDL001-Q24C22520006L-RNA-D11-20221223	16614	16669	4.5	5.5	0	grey100
MDL001-Q24C22520006L-RNA-D11-20221223	16669	16794	4.5	5.5	3	grey40
MDL001-Q24C22520006L-RNA-D11-20221223	16794	16802	4.5	5.5	0	grey100
MDL001-Q24C22520006L-RNA-D11-20221223	16802	16937	4.5	5.5	5	grey40
MDL001-Q24C22520006L-RNA-D11-20221223	16937	16938	4.5	5.5	0	grey100
MDL001-Q24C22520006L-RNA-D11-20221223	16938	17497	4.5	5.5	5	grey40
MDL001-Q24C22520006L-RNA-D11-20221223	17497	17511	4.5	5.5	0	grey100
MDL001-Q24C22520006L-RNA-D11-20221223	17511	17613	4.5	5.5	3	grey40
MDL001-Q24C22520006L-RNA-D11-20221223	17613	17623	4.5	5.5	0	grey100
MDL001-Q24C22520006L-RNA-D11-20221223	17623	17767	4.5	5.5	6	grey40
MDL001-Q24C22520006L-RNA-D11-20221223	17767	17776	4.5	5.5	0	grey100
MDL001-Q24C22520006L-RNA-D11-20221223	17776	18219	4.5	5.5	4	grey40
MDL001-Q24C22520006L-RNA-D11-20221223	18219	18253	4.5	5.5	0	grey100
MDL001-Q24C22520006L-RNA-D11-20221223	18253	18619	4.5	5.5	7	grey40
MDL001-Q24C22520006L-RNA-D11-20221223	18619	18623	4.5	5.5	0	grey100
MDL001-Q24C22520006L-RNA-D11-20221223	18623	18784	4.5	5.5	3	grey40
MDL001-Q24C22520006L-RNA-D11-20221223	18784	18810	4.5	5.5	0	grey100
MDL001-Q24C22520006L-RNA-D11-20221223	18810	19008	4.5	5.5	5	grey40
MDL001-Q24C22520006L-RNA-D11-20221223	19008	19011	4.5	5.5	0	grey100
MDL001-Q24C22520006L-RNA-D11-20221223	19011	19098	4.5	5.5	5	grey40
MDL001-Q24C22520006L-RNA-D11-20221223	19098	19101	4.5	5.5	0	grey100
MDL001-Q24C22520006L-RNA-D11-20221223	19101	19153	4.5	5.5	3	grey40
MDL001-Q24C22520006L-RNA-D11-20221223	19153	19179	4.5	5.5	0	grey100
MDL001-Q24C22520006L-RNA-D11-20221223	19179	19267	4.5	5.5	3	grey40
MDL001-Q24C22520006L-RNA-D11-20221223	19267	19294	4.5	5.5	0	grey100
MDL001-Q24C22520006L-RNA-D11-20221223	19294	19619	4.5	5.5	4	grey40
MDL001-Q24C22520006L-RNA-D11-20221223	19619	19639	4.5	5.5	0	grey100
MDL001-Q24C22520006L-RNA-D11-20221223	19639	20098	4.5	5.5	4	grey40
MDL001-Q24C22520006L-RNA-D11-20221223	20098	20101	4.5	5.5	0	grey100
MDL001-Q24C22520006L-RNA-D11-20221223	20101	20299	4.5	5.5	7	grey40
MDL001-Q24C22520006L-RNA-D11-20221223	20299	20301	4.5	5.5	0	grey100
MDL001-Q24C22520006L-RNA-D11-20221223	20301	20351	4.5	5.5	2	grey40
MDL001-Q24C22520006L-RNA-D11-20221223	20351	20409	4.5	5.5	0	grey100
MDL001-Q24C22520006L-RNA-D11-20221223	20409	20501	4.5	5.5	2	grey40
MDL001-Q24C22520006L-RNA-D11-20221223	20501	20534	4.5	5.5	0	grey100
MDL001-Q24C22520006L-RNA-D11-20221223	20534	20584	4.5	5.5	2	grey40
MDL001-Q24C22520006L-RNA-D11-20221223	20584	20617	4.5	5.5	0	grey100
MDL001-Q24C22520006L-RNA-D11-20221223	20617	20688	4.5	5.5	4	grey40
MDL001-Q24C22520006L-RNA-D11-20221223	20688	20760	4.5	5.5	0	grey100
MDL001-Q24C22520006L-RNA-D11-20221223	20760	20811	4.5	5.5	3	grey40
MDL001-Q24C22520006L-RNA-D11-20221223	20811	20840	4.5	5.5	0	grey100
MDL001-Q24C22520006L-RNA-D11-20221223	20840	20944	4.5	5.5	2	grey40
MDL001-Q24C22520006L-RNA-D11-20221223	20944	20990	4.5	5.5	0	grey100
MDL001-Q24C22520006L-RNA-D11-20221223	20990	21040	4.5	5.5	2	grey40
MDL001-Q24C22520006L-RNA-D11-20221223	21040	21130	4.5	5.5	0	grey100
MDL001-Q24C22520006L-RNA-D11-20221223	21130	21238	4.5	5.5	6	grey40
MDL001-Q24C22520006L-RNA-D11-20221223	21238	21256	4.5	5.5	0	grey100
MDL001-Q24C22520006L-RNA-D11-20221223	21256	21308	4.5	5.5	3	grey40
MDL001-Q24C22520006L-RNA-D11-20221223	21308	21326	4.5	5.5	0	grey100
MDL001-Q24C22520006L-RNA-D11-20221223	21326	21821	4.5	5.5	5	grey40
MDL001-Q24C22520006L-RNA-D11-20221223	21821	21883	4.5	5.5	0	grey100
MDL001-Q24C22520006L-RNA-D11-20221223	21883	21933	4.5	5.5	2	grey40
MDL001-Q24C22520006L-RNA-D11-20221223	21933	22001	4.5	5.5	0	grey100
MDL001-Q24C22520006L-RNA-D11-20221223	22001	22051	4.5	5.5	2	grey40
MDL001-Q24C22520006L-RNA-D11-20221223	22051	22076	4.5	5.5	0	grey100
MDL001-Q24C22520006L-RNA-D11-20221223	22076	22126	4.5	5.5	2	grey40
MDL001-Q24C22520006L-RNA-D11-20221223	22126	22127	4.5	5.5	0	grey100
MDL001-Q24C22520006L-RNA-D11-20221223	22127	22177	4.5	5.5	2	grey40
MDL001-Q24C22520006L-RNA-D11-20221223	22177	22244	4.5	5.5	0	grey100
MDL001-Q24C22520006L-RNA-D11-20221223	22244	22301	4.5	5.5	3	grey40
MDL001-Q24C22520006L-RNA-D11-20221223	22301	22314	4.5	5.5	0	grey100
MDL001-Q24C22520006L-RNA-D11-20221223	22314	22471	4.5	5.5	3	grey40
MDL001-Q24C22520006L-RNA-D11-20221223	22471	22473	4.5	5.5	0	grey100
MDL001-Q24C22520006L-RNA-D11-20221223	22473	22612	4.5	5.5	4	grey40
MDL001-Q24C22520006L-RNA-D11-20221223	22612	22619	4.5	5.5	0	grey100
MDL001-Q24C22520006L-RNA-D11-20221223	22619	22834	4.5	5.5	4	grey40
MDL001-Q24C22520006L-RNA-D11-20221223	22834	22883	4.5	5.5	0	grey100
MDL001-Q24C22520006L-RNA-D11-20221223	22883	23179	4.5	5.5	5	grey40
MDL001-Q24C22520006L-RNA-D11-20221223	23179	23198	4.5	5.5	0	grey100
MDL001-Q24C22520006L-RNA-D11-20221223	23198	23332	4.5	5.5	5	grey40
MDL001-Q24C22520006L-RNA-D11-20221223	23332	23335	4.5	5.5	0	grey100
MDL001-Q24C22520006L-RNA-D11-20221223	23335	23875	4.5	5.5	6	grey40
MDL001-Q24C22520006L-RNA-D11-20221223	23875	23898	4.5	5.5	0	grey100
MDL001-Q24C22520006L-RNA-D11-20221223	23898	24144	4.5	5.5	5	grey40
MDL001-Q24C22520006L-RNA-D11-20221223	24144	24151	4.5	5.5	0	grey100
MDL001-Q24C22520006L-RNA-D11-20221223	24151	24245	4.5	5.5	5	grey40
MDL001-Q24C22520006L-RNA-D11-20221223	24245	24262	4.5	5.5	0	grey100
MDL001-Q24C22520006L-RNA-D11-20221223	24262	24443	4.5	5.5	4	grey40
MDL001-Q24C22520006L-RNA-D11-20221223	24443	24446	4.5	5.5	0	grey100
MDL001-Q24C22520006L-RNA-D11-20221223	24446	24545	4.5	5.5	3	grey40
MDL001-Q24C22520006L-RNA-D11-20221223	24545	24555	4.5	5.5	0	grey100
MDL001-Q24C22520006L-RNA-D11-20221223	24555	24646	4.5	5.5	2	grey40
MDL001-Q24C22520006L-RNA-D11-20221223	24646	24671	4.5	5.5	0	grey100
MDL001-Q24C22520006L-RNA-D11-20221223	24671	24750	4.5	5.5	5	grey40
MDL001-Q24C22520006L-RNA-D11-20221223	24750	24845	4.5	5.5	0	grey100
MDL001-Q24C22520006L-RNA-D11-20221223	24845	24974	4.5	5.5	3	grey40
MDL001-Q24C22520006L-RNA-D11-20221223	24974	25037	4.5	5.5	0	grey100
MDL001-Q24C22520006L-RNA-D11-20221223	25037	25182	4.5	5.5	4	grey40
MDL001-Q24C22520006L-RNA-D11-20221223	25182	25224	4.5	5.5	0	grey100
MDL001-Q24C22520006L-RNA-D11-20221223	25224	25274	4.5	5.5	2	grey40
MDL001-Q24C22520006L-RNA-D11-20221223	25274	25292	4.5	5.5	0	grey100
MDL001-Q24C22520006L-RNA-D11-20221223	25292	25740	4.5	5.5	6	grey40
MDL001-Q24C22520006L-RNA-D11-20221223	25740	25756	4.5	5.5	0	grey100
MDL001-Q24C22520006L-RNA-D11-20221223	25756	26209	4.5	5.5	5	grey40
MDL001-Q24C22520006L-RNA-D11-20221223	26209	26214	4.5	5.5	0	grey100
MDL001-Q24C22520006L-RNA-D11-20221223	26214	26420	4.5	5.5	10	grey40
MDL001-Q24C22520006L-RNA-D11-20221223	26420	26432	4.5	5.5	0	grey100
MDL001-Q24C22520006L-RNA-D11-20221223	26432	26802	4.5	5.5	4	grey40
MDL001-Q24C22520006L-RNA-D11-20221223	26802	26815	4.5	5.5	0	grey100
MDL001-Q24C22520006L-RNA-D11-20221223	26815	27068	4.5	5.5	5	grey40
MDL001-Q24C22520006L-RNA-D11-20221223	27068	27101	4.5	5.5	0	grey100
MDL001-Q24C22520006L-RNA-D11-20221223	27101	27151	4.5	5.5	2	grey40
MDL001-Q24C22520006L-RNA-D11-20221223	27151	27180	4.5	5.5	0	grey100
MDL001-Q24C22520006L-RNA-D11-20221223	27180	27368	4.5	5.5	6	grey40
MDL001-Q24C22520006L-RNA-D11-20221223	27368	27405	4.5	5.5	0	grey100
MDL001-Q24C22520006L-RNA-D11-20221223	27405	27572	4.5	5.5	3	grey40
MDL001-Q24C22520006L-RNA-D11-20221223	27572	27574	4.5	5.5	0	grey100
MDL001-Q24C22520006L-RNA-D11-20221223	27574	28824	4.5	5.5	9	grey40
MDL001-Q24C22520006L-RNA-D11-20221223	28824	29370	4.5	5.5	0	grey100
MDL001-Q24C22520006L-RNA-D11-20221223	29370	29420	4.5	5.5	2	grey40
MDL001-Q24C22520006L-RNA-D11-20221223	29420	29722	4.5	5.5	0	grey100
MDL001-Q24C22520006L-RNA-D11-20221223	29722	29771	4.5	5.5	2	grey40
MDL001-Q24C22520006L-RNA-D11-20221223	29771	29867	4.5	5.5	0	grey100
ZDH230101391R	0	4993	6	7	0	grey100
ZDH230101391R	4993	5069	6	7	2	grey40
ZDH230101391R	5069	8320	6	7	0	grey100
ZDH230101391R	8320	8396	6	7	2	grey40
ZDH230101391R	8396	8531	6	7	0	grey100
ZDH230101391R	8531	8607	6	7	2	grey40
ZDH230101391R	8607	15166	6	7	0	grey100
ZDH230101391R	15166	15242	6	7	2	grey40
ZDH230101391R	15242	17340	6	7	0	grey100
ZDH230101391R	17340	17416	6	7	2	grey40
ZDH230101391R	17416	25958	6	7	0	grey100
ZDH230101391R	25958	26034	6	7	2	grey40
ZDH230101391R	26034	29867	6	7	0	grey100
