prj	outbreak	n_segments	n_cluster	n_pathogenSegments	n_cluster_contain_pathogens	homogeneityPathogenScore	PathogenPurity_count	PathogenPurity_length
Admed_SARS2_2020	rand.27	64	4	1	1	1.000000	0.200000	0.948933
Admed_SARS2_2020	rand.3	250	10	1	1	1.000000	1.000000	1.000000
Admed_SARS2_2020	rand.31	374	8	1	1	1.000000	0.125000	0.928458
Admed_SARS2_2020	rand.37	64	3	1	1	1.000000	0.500000	0.984796
Admed_SARS2_2020	rand.38	58	3	1	1	1.000000	0.333333	0.977489
Admed_SARS2_2020	rand.43	84	5	1	1	1.000000	0.111111	0.912694
Admed_SARS2_2020	rand.57	69	4	1	1	1.000000	1.000000	1.000000
Admed_SARS2_2020	rand.6	77	3	1	1	1.000000	0.200000	0.954422
Admed_SARS2_2020	rand.66	84	3	1	1	1.000000	0.500000	0.989488
Admed_SARS2_2020	rand.68	49	2	1	1	1.000000	1.000000	1.000000
Admed_SARS2_2020	rand.72	90	4	1	1	1.000000	0.125000	0.909944
Admed_SARS2_2020	rand.83	131	4	1	1	1.000000	1.000000	1.000000
Admed_SARS2_2020	rand.90	70	4	1	1	1.000000	0.500000	0.988502
Grundy_HIV_2023	rand.1	197	7	181	6	0.174482	0.952632	0.952975
Grundy_HIV_2023	rand.100	102	5	101	5	0.115301	0.990196	0.993171
Grundy_HIV_2023	rand.11	105	7	84	4	0.066909	0.923077	0.930507
Grundy_HIV_2023	rand.16	70	4	67	3	0.022332	1.000000	1.000000
Grundy_HIV_2023	rand.17	198	10	197	10	0.099290	0.994949	0.991864
Grundy_HIV_2023	rand.18	176	5	176	5	0.638623	1.000000	1.000000
Grundy_HIV_2023	rand.20	69	4	69	4	0.297040	1.000000	1.000000
Grundy_HIV_2023	rand.21	168	3	155	3	0.099113	0.922619	0.903845
Grundy_HIV_2023	rand.22	82	5	82	5	0.072066	1.000000	1.000000
Grundy_HIV_2023	rand.24	256	6	256	6	0.173465	1.000000	1.000000
Grundy_HIV_2023	rand.25	130	7	128	6	0.300470	1.000000	1.000000
Grundy_HIV_2023	rand.29	56	4	50	4	0.204147	0.892857	0.934107
Grundy_HIV_2023	rand.30	82	6	75	4	0.220191	0.986842	0.986439
Grundy_HIV_2023	rand.31	48	2	47	1	1.000000	1.000000	1.000000
Grundy_HIV_2023	rand.32	356	4	356	4	0.190362	1.000000	1.000000
Grundy_HIV_2023	rand.33	67	6	66	6	0.160175	0.985075	0.989075
Grundy_HIV_2023	rand.35	57	4	56	3	0.142121	1.000000	1.000000
Grundy_HIV_2023	rand.37	97	3	93	3	0.018473	0.958763	0.958082
Grundy_HIV_2023	rand.38	245	6	243	6	0.184945	0.991837	0.987822
Grundy_HIV_2023	rand.39	159	5	159	5	0.140615	1.000000	1.000000
Grundy_HIV_2023	rand.4	57	5	53	5	0.163430	0.929825	0.948868
Grundy_HIV_2023	rand.42	304	10	303	10	0.196021	0.996711	0.996421
Grundy_HIV_2023	rand.43	190	4	182	4	0.190348	0.957895	0.924613
Grundy_HIV_2023	rand.46	576	8	573	7	0.074114	0.998258	0.998227
Grundy_HIV_2023	rand.48	80	5	79	5	0.118205	0.987500	0.992226
Grundy_HIV_2023	rand.52	133	6	131	6	0.178901	0.984962	0.987718
Grundy_HIV_2023	rand.54	257	9	248	7	0.117865	0.984127	0.982323
Grundy_HIV_2023	rand.55	95	6	87	6	0.315121	0.915789	0.946713
Grundy_HIV_2023	rand.57	547	5	541	5	0.261883	0.989031	0.988217
Grundy_HIV_2023	rand.59	134	9	129	9	0.072153	0.962687	0.968342
Grundy_HIV_2023	rand.6	55	3	42	2	0.473383	0.857143	0.866807
Grundy_HIV_2023	rand.61	57	4	56	4	0.107100	0.982456	0.989838
Grundy_HIV_2023	rand.64	72	4	66	4	0.116346	0.916667	0.937003
Grundy_HIV_2023	rand.67	598	15	593	15	0.103996	0.991639	0.983534
Grundy_HIV_2023	rand.68	175	10	174	10	0.117548	0.994286	0.995318
Grundy_HIV_2023	rand.69	177	7	170	7	0.148912	0.960452	0.971337
Grundy_HIV_2023	rand.72	226	5	224	5	0.408698	0.991150	0.991035
Grundy_HIV_2023	rand.73	195	10	194	10	0.085452	0.994872	0.937971
Grundy_HIV_2023	rand.74	62	4	51	3	0.144774	0.980769	0.984820
Grundy_HIV_2023	rand.76	144	4	141	4	0.100399	0.979167	0.986373
Grundy_HIV_2023	rand.78	90	2	90	2	0.433490	1.000000	1.000000
Grundy_HIV_2023	rand.79	50	5	44	4	0.336702	1.000000	1.000000
Grundy_HIV_2023	rand.80	448	7	440	6	0.323661	0.986547	0.978481
Grundy_HIV_2023	rand.81	111	4	107	3	0.321542	0.981651	0.972785
Grundy_HIV_2023	rand.82	57	3	57	3	0.007596	1.000000	1.000000
Grundy_HIV_2023	rand.86	158	8	152	8	0.149343	0.962025	0.954762
Grundy_HIV_2023	rand.87	117	9	117	9	0.089516	1.000000	1.000000
Grundy_HIV_2023	rand.88	50	2	49	2	0.269983	0.980000	0.990627
Grundy_HIV_2023	rand.89	191	7	188	6	0.320759	0.989474	0.990615
Grundy_HIV_2023	rand.95	72	4	72	4	0.157632	1.000000	1.000000
Grundy_HIV_2023	rand.96	49	4	35	3	0.320329	0.813953	0.810829
Grundy_HIV_2023	rand.97	151	3	128	3	0.015223	0.847682	0.859634
Grundy_HIV_2023	rand.98	172	6	171	6	0.210127	0.994186	0.995574
Grundy_HIV_2023	rand.99	180	6	178	6	0.222130	0.988889	0.991080
LA_HRSV_2024	rand.52	109	3	11	1	1.000000	1.000000	1.000000
LA_SARS2_2024	rand.29	171	2	2	1	1.000000	1.000000	1.000000
Saha_CHIKV_2019	rand.13	79	13	1	1	1.000000	0.500000	0.972920
Saha_CHIKV_2019	rand.15	68	7	1	1	1.000000	0.250000	0.916783
Saha_CHIKV_2019	rand.16	65	8	1	1	1.000000	1.000000	1.000000
Saha_CHIKV_2019	rand.18	78	12	1	1	1.000000	0.500000	0.972186
Saha_CHIKV_2019	rand.21	86	4	1	1	1.000000	0.250000	0.918496
Saha_CHIKV_2019	rand.22	70	9	1	1	1.000000	1.000000	1.000000
Saha_CHIKV_2019	rand.23	64	7	1	1	1.000000	1.000000	1.000000
Saha_CHIKV_2019	rand.24	77	6	1	1	1.000000	0.500000	0.972929
Saha_CHIKV_2019	rand.28	68	9	1	1	1.000000	0.500000	0.965568
Saha_CHIKV_2019	rand.29	95	16	1	1	1.000000	0.250000	0.916152
Saha_CHIKV_2019	rand.30	62	9	1	1	1.000000	1.000000	1.000000
Saha_CHIKV_2019	rand.31	64	6	1	1	1.000000	1.000000	1.000000
Saha_CHIKV_2019	rand.32	69	10	1	1	1.000000	0.333333	0.937490
Saha_CHIKV_2019	rand.35	80	13	1	1	1.000000	1.000000	1.000000
Saha_CHIKV_2019	rand.36	66	6	1	1	1.000000	1.000000	1.000000
Saha_CHIKV_2019	rand.38	66	7	1	1	1.000000	0.250000	0.923011
Saha_CHIKV_2019	rand.43	60	7	1	1	1.000000	1.000000	1.000000
Saha_CHIKV_2019	rand.47	62	11	1	1	1.000000	0.142857	0.825061
Saha_CHIKV_2019	rand.49	74	10	1	1	1.000000	0.125000	0.782137
Saha_CHIKV_2019	rand.5	63	4	1	1	1.000000	0.500000	0.972170
Saha_CHIKV_2019	rand.54	71	9	1	1	1.000000	0.500000	0.948841
Saha_CHIKV_2019	rand.57	80	12	1	1	1.000000	0.500000	0.974784
Saha_CHIKV_2019	rand.62	77	7	1	1	1.000000	0.500000	0.972124
Saha_CHIKV_2019	rand.66	88	12	1	1	1.000000	0.250000	0.918146
Saha_CHIKV_2019	rand.68	66	8	1	1	1.000000	0.500000	0.973017
Saha_CHIKV_2019	rand.71	67	12	1	1	1.000000	1.000000	1.000000
Saha_CHIKV_2019	rand.72	74	9	1	1	1.000000	1.000000	1.000000
Saha_CHIKV_2019	rand.73	67	4	1	1	1.000000	1.000000	1.000000
Saha_CHIKV_2019	rand.74	98	14	1	1	1.000000	1.000000	1.000000
Saha_CHIKV_2019	rand.76	89	5	1	1	1.000000	0.090909	0.707144
Saha_CHIKV_2019	rand.80	92	14	1	1	1.000000	0.500000	0.965962
Saha_CHIKV_2019	rand.81	68	11	1	1	1.000000	1.000000	1.000000
Saha_CHIKV_2019	rand.83	93	20	1	1	1.000000	0.250000	0.921827
Saha_CHIKV_2019	rand.85	64	10	1	1	1.000000	0.333333	0.912125
Saha_CHIKV_2019	rand.89	73	10	2	1	1.000000	0.666667	0.973824
Saha_CHIKV_2019	rand.91	77	8	1	1	1.000000	0.166667	0.832139
Saha_CHIKV_2019	rand.92	60	4	1	1	1.000000	0.333333	0.930481
Saha_CHIKV_2019	rand.94	83	3	1	1	1.000000	0.043478	0.574732
Saha_CHIKV_2019	rand.96	76	9	1	1	1.000000	0.142857	0.824702
Saha_CHIKV_2019	rand.98	81	12	1	1	1.000000	0.333333	0.941251
Saha_CHIKV_2019	rand.99	70	10	1	1	1.000000	0.142857	0.836033
Sardi_Zika_2016	rand.1	340	12	1	1	1.000000	0.026316	0.204744
Sardi_Zika_2016	rand.10	128	7	1	1	1.000000	0.062500	0.049793
Sardi_Zika_2016	rand.100	282	12	1	1	1.000000	0.083333	0.413796
Sardi_Zika_2016	rand.11	152	3	1	1	1.000000	0.033333	0.234749
Sardi_Zika_2016	rand.12	233	6	10	1	1.000000	0.434783	0.593698
Sardi_Zika_2016	rand.13	371	17	1	1	1.000000	0.020833	0.018874
Sardi_Zika_2016	rand.14	278	7	1	1	1.000000	0.019231	0.017596
Sardi_Zika_2016	rand.15	336	20	8	2	0.456436	0.266667	0.497956
Sardi_Zika_2016	rand.16	69	3	1	1	1.000000	0.200000	0.660074
Sardi_Zika_2016	rand.17	141	7	1	1	1.000000	0.032258	0.229226
Sardi_Zika_2016	rand.18	146	3	1	1	1.000000	0.027027	0.215293
Sardi_Zika_2016	rand.19	411	15	1	1	1.000000	0.037037	0.033093
Sardi_Zika_2016	rand.2	250	10	1	1	1.000000	0.500000	0.968976
Sardi_Zika_2016	rand.20	187	8	8	1	1.000000	0.444444	0.647087
Sardi_Zika_2016	rand.21	249	4	1	1	1.000000	0.100000	0.520278
Sardi_Zika_2016	rand.22	156	6	1	1	1.000000	0.025641	0.030830
Sardi_Zika_2016	rand.24	336	16	10	2	0.531004	0.476190	0.656682
Sardi_Zika_2016	rand.27	328	19	8	1	1.000000	0.533333	0.744390
Sardi_Zika_2016	rand.28	201	5	1	1	1.000000	0.031250	0.230625
Sardi_Zika_2016	rand.29	229	4	7	1	1.000000	0.291667	0.494953
Sardi_Zika_2016	rand.3	392	9	4	3	0.053605	0.030303	0.029428
Sardi_Zika_2016	rand.30	185	10	7	2	0.408327	0.241379	0.419925
Sardi_Zika_2016	rand.31	72	3	1	1	1.000000	0.166667	0.623414
Sardi_Zika_2016	rand.32	324	9	2	2	0.000000	0.016129	0.015821
Sardi_Zika_2016	rand.33	173	5	1	1	1.000000	0.033333	0.040417
Sardi_Zika_2016	rand.34	161	3	1	1	1.000000	0.030303	0.226008
Sardi_Zika_2016	rand.35	198	3	1	1	1.000000	0.062500	0.458349
Sardi_Zika_2016	rand.36	414	13	1	1	1.000000	0.019608	0.015993
Sardi_Zika_2016	rand.37	306	15	10	1	1.000000	0.714286	0.862283
Sardi_Zika_2016	rand.38	252	3	1	1	1.000000	0.100000	0.533832
Sardi_Zika_2016	rand.39	267	12	1	1	1.000000	0.017544	0.019520
Sardi_Zika_2016	rand.40	126	7	9	1	1.000000	0.500000	0.730781
Sardi_Zika_2016	rand.42	199	3	1	1	1.000000	0.111111	0.535463
Sardi_Zika_2016	rand.43	310	11	9	1	1.000000	0.529412	0.734395
Sardi_Zika_2016	rand.44	148	8	1	1	1.000000	0.166667	0.614361
Sardi_Zika_2016	rand.45	311	10	2	2	0.000000	0.046512	0.039471
Sardi_Zika_2016	rand.46	215	6	1	1	1.000000	0.030303	0.219395
Sardi_Zika_2016	rand.47	207	7	1	1	1.000000	0.029412	0.216249
Sardi_Zika_2016	rand.48	292	11	1	1	1.000000	0.038462	0.045177
Sardi_Zika_2016	rand.5	129	9	5	1	1.000000	0.714286	0.883996
Sardi_Zika_2016	rand.50	360	11	9	2	0.496742	0.346154	0.536833
Sardi_Zika_2016	rand.51	158	10	2	1	1.000000	0.400000	0.709910
Sardi_Zika_2016	rand.53	385	15	11	2	0.560503	0.261905	0.402655
Sardi_Zika_2016	rand.54	298	11	1	1	1.000000	0.100000	0.446171
Sardi_Zika_2016	rand.55	287	10	1	1	1.000000	0.090909	0.537185
Sardi_Zika_2016	rand.56	206	7	1	1	1.000000	0.038462	0.242052
Sardi_Zika_2016	rand.57	270	13	9	2	0.496742	0.321429	0.515869
Sardi_Zika_2016	rand.58	203	7	1	1	1.000000	0.100000	0.517288
Sardi_Zika_2016	rand.59	485	21	10	2	0.278072	0.454545	0.644151
Sardi_Zika_2016	rand.6	371	18	2	2	0.000000	0.026316	0.025876
Sardi_Zika_2016	rand.60	224	11	4	4	0.000000	0.037383	0.028493
Sardi_Zika_2016	rand.62	217	6	1	1	1.000000	0.250000	0.642228
Sardi_Zika_2016	rand.63	204	8	1	1	1.000000	0.090909	0.437270
Sardi_Zika_2016	rand.64	416	18	4	4	0.000000	0.024691	0.024834
Sardi_Zika_2016	rand.65	279	7	1	1	1.000000	0.058824	0.378908
Sardi_Zika_2016	rand.66	321	8	1	1	1.000000	0.025000	0.027085
Sardi_Zika_2016	rand.67	125	4	1	1	1.000000	0.032258	0.232371
Sardi_Zika_2016	rand.69	93	4	1	1	1.000000	0.031250	0.225753
Sardi_Zika_2016	rand.7	269	11	10	2	0.531004	0.357143	0.520822
Sardi_Zika_2016	rand.70	423	17	1	1	1.000000	0.045455	0.040614
Sardi_Zika_2016	rand.71	120	8	1	1	1.000000	0.125000	0.554647
Sardi_Zika_2016	rand.72	299	9	7	2	0.136879	0.175000	0.320534
Sardi_Zika_2016	rand.73	293	4	1	1	1.000000	0.011364	0.012239
Sardi_Zika_2016	rand.74	184	6	1	1	1.000000	0.032258	0.231174
Sardi_Zika_2016	rand.75	271	13	6	1	1.000000	0.428571	0.653050
Sardi_Zika_2016	rand.76	287	14	1	1	1.000000	0.023256	0.018218
Sardi_Zika_2016	rand.77	305	14	9	1	1.000000	0.818182	0.909965
Sardi_Zika_2016	rand.78	152	7	1	1	1.000000	0.071429	0.486999
Sardi_Zika_2016	rand.79	344	11	1	1	1.000000	0.055556	0.060585
Sardi_Zika_2016	rand.8	330	10	10	3	0.270153	0.151515	0.283993
Sardi_Zika_2016	rand.80	131	7	1	1	1.000000	0.200000	0.639866
Sardi_Zika_2016	rand.81	209	3	1	1	1.000000	0.052632	0.434463
Sardi_Zika_2016	rand.82	286	13	1	1	1.000000	0.050000	0.059252
Sardi_Zika_2016	rand.83	371	12	10	1	1.000000	0.833333	0.920220
Sardi_Zika_2016	rand.84	92	5	1	1	1.000000	0.250000	0.648055
Sardi_Zika_2016	rand.85	113	7	2	2	0.000000	0.041667	0.038959
Sardi_Zika_2016	rand.86	395	17	4	1	1.000000	0.133333	0.125530
Sardi_Zika_2016	rand.87	450	18	10	2	0.531004	0.250000	0.417657
Sardi_Zika_2016	rand.88	350	3	1	1	1.000000	0.027027	0.207026
Sardi_Zika_2016	rand.89	426	18	2	2	0.000000	0.018018	0.016415
Sardi_Zika_2016	rand.90	268	10	11	2	0.560503	0.261905	0.418592
Sardi_Zika_2016	rand.91	261	9	1	1	1.000000	0.058824	0.365009
Sardi_Zika_2016	rand.92	186	11	10	1	1.000000	0.833333	0.879468
Sardi_Zika_2016	rand.94	230	12	1	1	1.000000	0.111111	0.545607
Sardi_Zika_2016	rand.95	211	3	1	1	1.000000	0.333333	0.858895
Sardi_Zika_2016	rand.96	311	10	11	2	0.560503	0.166667	0.291907
Sardi_Zika_2016	rand.97	224	4	1	1	1.000000	0.062500	0.472188
Sardi_Zika_2016	rand.98	400	18	6	4	0.040852	0.074074	0.065834
Sardi_Zika_2016	rand.99	220	6	1	1	1.000000	0.071429	0.458310
Tony_Ebola_2014	rand.76	55	2	1	1	1.000000	0.021739	0.432228
Admed_SARS2_2020	rand.1	3	2	1	1	1.000000	1.000000	1.000000
Admed_SARS2_2020	rand.10	17	3	1	1	1.000000	0.090909	0.893450
Admed_SARS2_2020	rand.100	10	2	1	1	1.000000	1.000000	1.000000
Admed_SARS2_2020	rand.11	8	2	4	1	1.000000	1.000000	1.000000
Admed_SARS2_2020	rand.12	26	3	1	1	1.000000	0.500000	0.989778
Admed_SARS2_2020	rand.14	23	2	1	1	1.000000	1.000000	1.000000
Admed_SARS2_2020	rand.16	11	2	1	1	1.000000	1.000000	1.000000
Admed_SARS2_2020	rand.17	41	3	32	2	0.799378	0.914286	0.936982
Admed_SARS2_2020	rand.2	6	2	2	1	1.000000	0.666667	0.990362
Admed_SARS2_2020	rand.21	4	2	1	1	1.000000	1.000000	1.000000
Admed_SARS2_2020	rand.22	22	4	3	1	1.000000	1.000000	1.000000
Admed_SARS2_2020	rand.26	6	2	1	1	1.000000	0.333333	0.976515
Admed_SARS2_2020	rand.29	29	3	1	1	1.000000	0.100000	0.892974
Admed_SARS2_2020	rand.30	18	3	1	1	1.000000	0.500000	0.985129
Admed_SARS2_2020	rand.33	13	2	2	1	1.000000	0.400000	0.960880
Admed_SARS2_2020	rand.34	17	2	1	1	1.000000	0.083333	0.884883
Admed_SARS2_2020	rand.35	5	2	1	1	1.000000	0.500000	0.988550
Admed_SARS2_2020	rand.39	13	3	1	1	1.000000	0.500000	0.989644
Admed_SARS2_2020	rand.40	21	3	1	1	1.000000	0.250000	0.966780
Admed_SARS2_2020	rand.42	35	4	1	1	1.000000	0.250000	0.967001
Admed_SARS2_2020	rand.46	10	2	5	1	1.000000	0.833333	0.989469
Admed_SARS2_2020	rand.47	14	2	1	1	1.000000	0.333333	0.980772
Admed_SARS2_2020	rand.48	3	2	1	1	1.000000	0.500000	0.985706
Admed_SARS2_2020	rand.49	11	2	1	1	1.000000	0.200000	0.955232
Admed_SARS2_2020	rand.50	10	2	1	1	1.000000	0.333333	0.971434
Admed_SARS2_2020	rand.51	4	2	1	1	1.000000	0.333333	0.979379
Admed_SARS2_2020	rand.52	3	2	1	1	1.000000	0.500000	0.980105
Admed_SARS2_2020	rand.53	16	3	1	1	1.000000	0.200000	0.950876
Admed_SARS2_2020	rand.54	11	2	1	1	1.000000	0.500000	0.987297
Admed_SARS2_2020	rand.58	3	2	2	1	1.000000	1.000000	1.000000
Admed_SARS2_2020	rand.60	24	2	3	1	1.000000	0.750000	0.987547
Admed_SARS2_2020	rand.62	5	2	1	1	1.000000	0.500000	0.988219
Admed_SARS2_2020	rand.64	16	2	2	1	1.000000	0.250000	0.923046
Admed_SARS2_2020	rand.65	28	3	1	1	1.000000	0.333333	0.976753
Admed_SARS2_2020	rand.69	17	3	3	1	1.000000	1.000000	1.000000
Admed_SARS2_2020	rand.7	3	2	1	1	1.000000	1.000000	1.000000
Admed_SARS2_2020	rand.70	8	2	1	1	1.000000	0.250000	0.967076
Admed_SARS2_2020	rand.71	4	2	1	1	1.000000	1.000000	1.000000
Admed_SARS2_2020	rand.76	14	3	1	1	1.000000	0.500000	0.989560
Admed_SARS2_2020	rand.78	4	2	1	1	1.000000	0.333333	0.978457
Admed_SARS2_2020	rand.79	3	2	1	1	1.000000	1.000000	1.000000
Admed_SARS2_2020	rand.80	16	2	1	1	1.000000	0.076923	0.867481
Admed_SARS2_2020	rand.84	20	4	7	1	1.000000	1.000000	1.000000
Admed_SARS2_2020	rand.86	10	3	1	1	1.000000	0.333333	0.976229
Admed_SARS2_2020	rand.87	30	3	1	1	1.000000	0.333333	0.974157
Admed_SARS2_2020	rand.88	14	2	1	1	1.000000	0.076923	0.870581
Admed_SARS2_2020	rand.9	6	2	2	1	1.000000	0.666667	0.989154
Admed_SARS2_2020	rand.91	15	3	1	1	1.000000	0.142857	0.928646
Admed_SARS2_2020	rand.92	9	3	2	1	1.000000	1.000000	1.000000
Admed_SARS2_2020	rand.93	4	2	4	2	0.000000	1.000000	1.000000
Admed_SARS2_2020	rand.95	38	6	1	1	1.000000	0.111111	0.906598
Admed_SARS2_2020	rand.97	4	1	4	1	1.000000	1.000000	1.000000
Admed_SARS2_2020	rand.99	4	2	3	1	1.000000	1.000000	1.000000
Grundy_HIV_2023	rand.10	34	3	28	3	0.143098	0.823529	0.846794
Grundy_HIV_2023	rand.12	37	4	30	3	0.256378	0.937500	0.959410
Grundy_HIV_2023	rand.13	31	3	25	3	0.135026	0.806452	0.882329
Grundy_HIV_2023	rand.14	15	3	12	3	0.191986	0.800000	0.843649
Grundy_HIV_2023	rand.15	23	2	21	2	0.297533	0.913043	0.934874
Grundy_HIV_2023	rand.19	38	5	37	5	0.232736	0.973684	0.987575
Grundy_HIV_2023	rand.23	11	2	11	2	0.154649	1.000000	1.000000
Grundy_HIV_2023	rand.26	10	2	9	1	1.000000	1.000000	1.000000
Grundy_HIV_2023	rand.27	15	4	14	4	0.078815	0.933333	0.974385
Grundy_HIV_2023	rand.28	36	5	34	5	0.185304	0.944444	0.959837
Grundy_HIV_2023	rand.3	23	3	21	2	0.136879	0.954545	0.981756
Grundy_HIV_2023	rand.34	8	2	2	1	1.000000	0.666667	0.535952
Grundy_HIV_2023	rand.36	24	3	20	2	0.390160	0.952381	0.966505
Grundy_HIV_2023	rand.40	32	5	24	4	0.104574	1.000000	1.000000
Grundy_HIV_2023	rand.41	18	3	7	1	1.000000	1.000000	1.000000
Grundy_HIV_2023	rand.44	10	2	10	2	0.000000	1.000000	1.000000
Grundy_HIV_2023	rand.45	23	3	16	2	0.011301	0.842105	0.914513
Grundy_HIV_2023	rand.47	22	3	20	3	0.092244	0.909091	0.949617
Grundy_HIV_2023	rand.49	26	3	22	2	0.023979	1.000000	1.000000
Grundy_HIV_2023	rand.5	21	2	20	2	0.118709	0.952381	0.955482
Grundy_HIV_2023	rand.50	25	4	19	3	0.249363	0.863636	0.859127
Grundy_HIV_2023	rand.51	14	3	11	3	0.028693	0.785714	0.880963
Grundy_HIV_2023	rand.53	9	2	9	2	0.081704	1.000000	1.000000
Grundy_HIV_2023	rand.56	13	2	10	1	1.000000	0.909091	0.951986
Grundy_HIV_2023	rand.60	18	2	18	2	0.081704	1.000000	1.000000
Grundy_HIV_2023	rand.62	18	3	17	3	0.003217	0.944444	0.953210
Grundy_HIV_2023	rand.63	19	2	15	1	1.000000	1.000000	1.000000
Grundy_HIV_2023	rand.65	30	2	30	2	0.216223	1.000000	1.000000
Grundy_HIV_2023	rand.66	19	3	16	2	0.103962	0.941176	0.969839
Grundy_HIV_2023	rand.7	18	2	18	2	0.081704	1.000000	1.000000
Grundy_HIV_2023	rand.70	21	4	7	1	1.000000	1.000000	1.000000
Grundy_HIV_2023	rand.71	11	3	10	3	0.135026	0.909091	0.912640
Grundy_HIV_2023	rand.77	39	2	35	2	0.487291	0.897436	0.926013
Grundy_HIV_2023	rand.8	33	4	27	3	0.087326	1.000000	1.000000
Grundy_HIV_2023	rand.83	27	2	26	2	0.017141	0.962963	0.984943
Grundy_HIV_2023	rand.85	39	4	38	4	0.122743	0.974359	0.989554
Grundy_HIV_2023	rand.9	11	2	7	1	1.000000	1.000000	1.000000
Grundy_HIV_2023	rand.90	29	4	13	4	0.255737	0.448276	0.611050
Grundy_HIV_2023	rand.91	6	2	1	1	1.000000	0.200000	0.258887
Grundy_HIV_2023	rand.92	41	7	30	6	0.106159	0.810811	0.858909
Grundy_HIV_2023	rand.93	27	5	24	5	0.160790	0.888889	0.909509
Grundy_HIV_2023	rand.94	7	2	6	1	1.000000	1.000000	1.000000
Judith_LASV_2023	rand.100	13	2	2	1	1.000000	1.000000	1.000000
Judith_LASV_2023	rand.13	20	2	4	1	1.000000	1.000000	1.000000
Judith_LASV_2023	rand.16	8	2	8	2	0.188722	1.000000	1.000000
Judith_LASV_2023	rand.18	15	2	1	1	1.000000	1.000000	1.000000
Judith_LASV_2023	rand.19	5	2	4	2	0.188722	0.800000	0.856471
Judith_LASV_2023	rand.21	4	2	1	1	1.000000	0.500000	0.945593
Judith_LASV_2023	rand.23	8	3	5	2	0.029049	1.000000	1.000000
Judith_LASV_2023	rand.24	6	2	5	2	0.029049	0.833333	0.840086
Judith_LASV_2023	rand.25	5	2	4	2	0.000000	0.800000	0.873377
Judith_LASV_2023	rand.28	5	2	4	2	0.000000	0.800000	0.911805
Judith_LASV_2023	rand.3	10	2	10	2	0.278072	1.000000	1.000000
Judith_LASV_2023	rand.33	7	2	4	2	0.188722	0.571429	0.907091
Judith_LASV_2023	rand.34	7	2	4	2	0.188722	0.571429	0.498616
Judith_LASV_2023	rand.35	4	2	4	2	0.188722	1.000000	1.000000
Judith_LASV_2023	rand.36	9	2	2	1	1.000000	0.400000	0.536842
Judith_LASV_2023	rand.37	7	2	5	2	0.278072	0.714286	0.786493
Judith_LASV_2023	rand.39	29	2	9	2	0.008924	0.310345	0.364497
Judith_LASV_2023	rand.40	8	2	8	2	0.456436	1.000000	1.000000
Judith_LASV_2023	rand.41	9	2	8	2	0.456436	0.888889	0.905951
Judith_LASV_2023	rand.42	4	2	3	2	0.081704	0.750000	0.958686
Judith_LASV_2023	rand.43	9	2	4	1	1.000000	0.571429	0.940230
Judith_LASV_2023	rand.44	6	2	3	1	1.000000	1.000000	1.000000
Judith_LASV_2023	rand.45	6	2	1	1	1.000000	0.200000	0.215635
Judith_LASV_2023	rand.46	5	2	3	2	0.081704	0.600000	0.633566
Judith_LASV_2023	rand.5	9	2	6	1	1.000000	0.857143	0.918325
Judith_LASV_2023	rand.50	8	3	7	3	0.130084	0.875000	0.940239
Judith_LASV_2023	rand.51	18	3	3	1	1.000000	0.750000	0.900313
Judith_LASV_2023	rand.53	4	2	2	1	1.000000	1.000000	1.000000
Judith_LASV_2023	rand.54	4	2	4	2	0.188722	1.000000	1.000000
Judith_LASV_2023	rand.55	25	3	19	2	0.001999	0.826087	0.860273
Judith_LASV_2023	rand.56	20	2	8	1	1.000000	0.500000	0.616284
Judith_LASV_2023	rand.58	4	2	2	1	1.000000	1.000000	1.000000
Judith_LASV_2023	rand.59	5	2	1	1	1.000000	0.333333	0.402428
Judith_LASV_2023	rand.61	21	4	12	3	0.191986	0.666667	0.666773
Judith_LASV_2023	rand.63	4	2	3	2	0.081704	0.750000	0.841139
Judith_LASV_2023	rand.65	5	2	4	2	0.188722	0.800000	0.934988
Judith_LASV_2023	rand.68	13	4	12	4	0.087494	0.923077	0.926515
Judith_LASV_2023	rand.7	13	3	13	3	0.244030	1.000000	1.000000
Judith_LASV_2023	rand.74	5	2	5	2	0.029049	1.000000	1.000000
Judith_LASV_2023	rand.77	37	4	5	2	0.278072	0.555556	0.627094
Judith_LASV_2023	rand.79	9	2	7	2	0.136879	0.777778	0.838167
Judith_LASV_2023	rand.85	4	2	2	1	1.000000	1.000000	1.000000
Judith_LASV_2023	rand.87	5	2	5	2	0.029049	1.000000	1.000000
Judith_LASV_2023	rand.89	8	2	3	1	1.000000	0.428571	0.480681
Judith_LASV_2023	rand.9	4	2	4	2	0.188722	1.000000	1.000000
Judith_LASV_2023	rand.94	8	2	8	2	0.188722	1.000000	1.000000
Judith_LASV_2023	rand.95	5	2	4	1	1.000000	1.000000	1.000000
Judith_LASV_2023	rand.96	5	2	4	1	1.000000	1.000000	1.000000
Judith_LASV_2023	rand.97	5	2	2	1	1.000000	1.000000	1.000000
Judith_LASV_2023	rand.99	17	3	13	3	0.218340	0.764706	0.841172
LA_HMB_2024	rand.16	6	2	6	2	0.349978	1.000000	1.000000
LA_HMB_2024	rand.2	4	2	2	1	1.000000	1.000000	1.000000
LA_HMB_2024	rand.41	6	2	2	1	1.000000	1.000000	1.000000
LA_HMB_2024	rand.42	7	1	7	1	1.000000	1.000000	1.000000
LA_HMB_2024	rand.46	6	2	5	2	0.278072	0.833333	0.992632
LA_HMB_2024	rand.47	4	1	4	1	1.000000	1.000000	1.000000
LA_HMB_2024	rand.52	7	2	7	2	0.014772	1.000000	1.000000
LA_HMB_2024	rand.53	4	2	1	1	1.000000	1.000000	1.000000
LA_HMB_2024	rand.54	6	2	6	2	0.081704	1.000000	1.000000
LA_HMB_2024	rand.57	7	2	7	2	0.408327	1.000000	1.000000
LA_HMB_2024	rand.59	7	2	6	2	0.081704	0.857143	0.992703
LA_HMB_2024	rand.6	7	2	7	2	0.014772	1.000000	1.000000
LA_HMB_2024	rand.62	6	2	6	2	0.081704	1.000000	1.000000
LA_HMB_2024	rand.63	7	2	7	2	0.408327	1.000000	1.000000
LA_HMB_2024	rand.65	6	2	6	2	0.349978	1.000000	1.000000
LA_HMB_2024	rand.68	7	2	7	2	0.014772	1.000000	1.000000
LA_HMB_2024	rand.89	7	2	7	2	0.014772	1.000000	1.000000
LA_HMB_2024	rand.92	7	2	7	2	0.014772	1.000000	1.000000
LA_HMB_2024	rand.97	10	2	1	1	1.000000	0.500000	0.986736
LA_HMB_2024	rand.99	5	2	3	1	1.000000	1.000000	1.000000
LA_HRSV_2024	rand.10	4	2	4	2	0.188722	1.000000	1.000000
LA_HRSV_2024	rand.100	4	2	4	2	0.000000	1.000000	1.000000
LA_HRSV_2024	rand.12	7	2	7	2	0.014772	1.000000	1.000000
LA_HRSV_2024	rand.14	17	2	17	2	0.002497	1.000000	1.000000
LA_HRSV_2024	rand.15	17	2	17	2	0.677243	1.000000	1.000000
LA_HRSV_2024	rand.19	44	2	14	2	0.628768	0.318182	0.560636
LA_HRSV_2024	rand.20	11	2	11	2	0.054340	1.000000	1.000000
LA_HRSV_2024	rand.22	4	1	4	1	1.000000	1.000000	1.000000
LA_HRSV_2024	rand.25	10	2	10	2	0.531004	1.000000	1.000000
LA_HRSV_2024	rand.27	5	2	5	2	0.029049	1.000000	1.000000
LA_HRSV_2024	rand.28	19	2	19	2	0.168526	1.000000	1.000000
LA_HRSV_2024	rand.29	11	2	11	2	0.560503	1.000000	1.000000
LA_HRSV_2024	rand.31	5	2	5	2	0.278072	1.000000	1.000000
LA_HRSV_2024	rand.32	5	2	5	2	0.029049	1.000000	1.000000
LA_HRSV_2024	rand.35	14	2	14	2	0.136879	1.000000	1.000000
LA_HRSV_2024	rand.36	4	2	4	2	0.000000	1.000000	1.000000
LA_HRSV_2024	rand.38	4	2	4	2	0.188722	1.000000	1.000000
LA_HRSV_2024	rand.4	14	2	14	2	0.000000	1.000000	1.000000
LA_HRSV_2024	rand.40	13	2	13	2	0.109508	1.000000	1.000000
LA_HRSV_2024	rand.41	16	2	16	2	0.662710	1.000000	1.000000
LA_HRSV_2024	rand.42	9	2	9	2	0.081704	1.000000	1.000000
LA_HRSV_2024	rand.43	6	2	5	1	1.000000	1.000000	1.000000
LA_HRSV_2024	rand.45	22	2	22	2	0.023979	1.000000	1.000000
LA_HRSV_2024	rand.5	15	2	15	2	0.003208	1.000000	1.000000
LA_HRSV_2024	rand.50	4	2	4	2	0.000000	1.000000	1.000000
LA_HRSV_2024	rand.53	4	2	3	1	1.000000	1.000000	1.000000
LA_HRSV_2024	rand.55	7	2	7	2	0.408327	1.000000	1.000000
LA_HRSV_2024	rand.57	4	2	4	2	0.188722	1.000000	1.000000
LA_HRSV_2024	rand.59	7	2	7	2	0.408327	1.000000	1.000000
LA_HRSV_2024	rand.60	6	2	6	2	0.349978	1.000000	1.000000
LA_HRSV_2024	rand.62	16	2	16	2	0.303788	1.000000	1.000000
LA_HRSV_2024	rand.63	6	2	5	2	0.029049	0.833333	0.986866
LA_HRSV_2024	rand.64	5	2	5	2	0.278072	1.000000	1.000000
LA_HRSV_2024	rand.65	8	2	8	2	0.188722	1.000000	1.000000
LA_HRSV_2024	rand.66	4	2	4	2	0.000000	1.000000	1.000000
LA_HRSV_2024	rand.68	5	2	5	2	0.029049	1.000000	1.000000
LA_HRSV_2024	rand.69	14	2	14	2	0.250405	1.000000	1.000000
LA_HRSV_2024	rand.71	21	2	21	2	0.546284	1.000000	1.000000
LA_HRSV_2024	rand.74	7	2	7	2	0.136879	1.000000	1.000000
LA_HRSV_2024	rand.75	15	2	15	2	0.029049	1.000000	1.000000
LA_HRSV_2024	rand.76	14	2	14	2	0.408327	1.000000	1.000000
LA_HRSV_2024	rand.77	6	2	6	2	0.349978	1.000000	1.000000
LA_HRSV_2024	rand.79	4	2	3	2	0.081704	0.750000	0.987076
LA_HRSV_2024	rand.80	15	2	15	2	0.029049	1.000000	1.000000
LA_HRSV_2024	rand.83	4	2	4	2	0.188722	1.000000	1.000000
LA_HRSV_2024	rand.85	5	2	5	2	0.278072	1.000000	1.000000
LA_HRSV_2024	rand.86	5	2	3	1	1.000000	0.750000	0.987157
LA_HRSV_2024	rand.87	15	3	15	3	0.135026	1.000000	1.000000
LA_HRSV_2024	rand.89	19	2	19	2	0.050548	1.000000	1.000000
LA_HRSV_2024	rand.90	7	2	7	2	0.014772	1.000000	1.000000
LA_HRSV_2024	rand.91	15	2	15	2	0.646641	1.000000	1.000000
LA_HRSV_2024	rand.93	5	2	5	2	0.029049	1.000000	1.000000
LA_HRSV_2024	rand.96	10	2	9	1	1.000000	1.000000	1.000000
LA_HRSV_2024	rand.97	19	2	19	2	0.100256	1.000000	1.000000
LA_HRSV_2024	rand.98	8	2	8	2	0.000000	1.000000	1.000000
LA_HRSV_2024	rand.99	5	2	5	2	0.029049	1.000000	1.000000
LA_IVA_2024	rand.1	19	2	19	2	0.370751	1.000000	1.000000
LA_IVA_2024	rand.100	9	2	9	2	0.235795	1.000000	1.000000
LA_IVA_2024	rand.11	25	2	25	2	0.365690	1.000000	1.000000
LA_IVA_2024	rand.12	22	2	22	2	0.097607	1.000000	1.000000
LA_IVA_2024	rand.13	10	2	10	2	0.118709	1.000000	1.000000
LA_IVA_2024	rand.14	9	2	9	2	0.081704	1.000000	1.000000
LA_IVA_2024	rand.15	19	2	19	2	0.018059	1.000000	1.000000
LA_IVA_2024	rand.17	7	2	7	2	0.136879	1.000000	1.000000
LA_IVA_2024	rand.18	11	2	11	2	0.560503	1.000000	1.000000
LA_IVA_2024	rand.19	10	2	10	2	0.118709	1.000000	1.000000
LA_IVA_2024	rand.2	11	2	11	2	0.560503	1.000000	1.000000
LA_IVA_2024	rand.20	27	2	27	2	0.000990	1.000000	1.000000
LA_IVA_2024	rand.21	8	2	8	2	0.045566	1.000000	1.000000
LA_IVA_2024	rand.22	11	2	11	2	0.315962	1.000000	1.000000
LA_IVA_2024	rand.23	18	1	18	1	1.000000	1.000000	1.000000
LA_IVA_2024	rand.24	5	2	5	2	0.029049	1.000000	1.000000
LA_IVA_2024	rand.25	26	2	26	2	0.608756	1.000000	1.000000
LA_IVA_2024	rand.26	8	2	8	2	0.456436	1.000000	1.000000
LA_IVA_2024	rand.27	21	2	21	2	0.014772	1.000000	1.000000
LA_IVA_2024	rand.28	17	2	17	2	0.022582	1.000000	1.000000
LA_IVA_2024	rand.29	14	2	14	2	0.136879	1.000000	1.000000
LA_IVA_2024	rand.3	4	1	4	1	1.000000	1.000000	1.000000
LA_IVA_2024	rand.31	10	2	10	2	0.029049	1.000000	1.000000
LA_IVA_2024	rand.32	7	2	7	2	0.014772	1.000000	1.000000
LA_IVA_2024	rand.33	11	2	11	2	0.154649	1.000000	1.000000
LA_IVA_2024	rand.34	14	2	14	2	0.408327	1.000000	1.000000
LA_IVA_2024	rand.35	12	2	12	2	0.081704	1.000000	1.000000
LA_IVA_2024	rand.36	5	2	5	2	0.029049	1.000000	1.000000
LA_IVA_2024	rand.37	17	2	17	2	0.212873	1.000000	1.000000
LA_IVA_2024	rand.38	10	2	8	1	1.000000	1.000000	1.000000
LA_IVA_2024	rand.39	7	2	7	2	0.136879	1.000000	1.000000
LA_IVA_2024	rand.4	22	2	22	2	0.023979	1.000000	1.000000
LA_IVA_2024	rand.40	10	2	10	2	0.531004	1.000000	1.000000
LA_IVA_2024	rand.42	11	2	11	2	0.560503	1.000000	1.000000
LA_IVA_2024	rand.44	11	2	9	1	1.000000	1.000000	1.000000
LA_IVA_2024	rand.45	8	2	8	2	0.188722	1.000000	1.000000
LA_IVA_2024	rand.46	16	2	16	2	0.303788	1.000000	1.000000
LA_IVA_2024	rand.48	21	2	21	2	0.408327	1.000000	1.000000
LA_IVA_2024	rand.49	33	2	33	2	0.000662	1.000000	1.000000
LA_IVA_2024	rand.5	16	2	16	2	0.188722	1.000000	1.000000
LA_IVA_2024	rand.50	13	2	12	1	1.000000	1.000000	1.000000
LA_IVA_2024	rand.51	8	2	8	2	0.045566	1.000000	1.000000
LA_IVA_2024	rand.52	4	1	4	1	1.000000	1.000000	1.000000
LA_IVA_2024	rand.53	6	2	6	2	0.081704	1.000000	1.000000
LA_IVA_2024	rand.54	4	2	4	2	0.188722	1.000000	1.000000
LA_IVA_2024	rand.56	16	2	14	1	1.000000	1.000000	1.000000
LA_IVA_2024	rand.57	11	2	11	2	0.315962	1.000000	1.000000
LA_IVA_2024	rand.58	19	2	19	2	0.050548	1.000000	1.000000
LA_IVA_2024	rand.59	24	2	24	2	0.081704	1.000000	1.000000
LA_IVA_2024	rand.60	10	2	10	2	0.118709	1.000000	1.000000
LA_IVA_2024	rand.61	11	2	11	2	0.154649	1.000000	1.000000
LA_IVA_2024	rand.62	19	2	19	2	0.370751	1.000000	1.000000
LA_IVA_2024	rand.63	11	2	11	2	0.315962	1.000000	1.000000
LA_IVA_2024	rand.65	8	2	8	2	0.000000	1.000000	1.000000
LA_IVA_2024	rand.66	8	2	8	2	0.045566	1.000000	1.000000
LA_IVA_2024	rand.67	6	2	6	2	0.349978	1.000000	1.000000
LA_IVA_2024	rand.68	19	2	19	2	0.514539	1.000000	1.000000
LA_IVA_2024	rand.69	22	2	22	2	0.023979	1.000000	1.000000
LA_IVA_2024	rand.7	8	2	8	2	0.000000	1.000000	1.000000
LA_IVA_2024	rand.70	10	2	10	2	0.531004	1.000000	1.000000
LA_IVA_2024	rand.71	22	2	22	2	0.425364	1.000000	1.000000
LA_IVA_2024	rand.72	8	2	8	2	0.045566	1.000000	1.000000
LA_IVA_2024	rand.73	20	2	20	2	0.390160	1.000000	1.000000
LA_IVA_2024	rand.74	10	2	10	2	0.029049	1.000000	1.000000
LA_IVA_2024	rand.75	23	2	23	2	0.171944	1.000000	1.000000
LA_IVA_2024	rand.76	6	2	6	2	0.349978	1.000000	1.000000
LA_IVA_2024	rand.77	9	2	9	2	0.081704	1.000000	1.000000
LA_IVA_2024	rand.78	15	2	15	2	0.029049	1.000000	1.000000
LA_IVA_2024	rand.79	14	2	14	2	0.408327	1.000000	1.000000
LA_IVA_2024	rand.8	22	2	22	2	0.315962	1.000000	1.000000
LA_IVA_2024	rand.80	11	2	11	2	0.154649	1.000000	1.000000
LA_IVA_2024	rand.81	10	2	10	2	0.531004	1.000000	1.000000
LA_IVA_2024	rand.83	29	2	29	2	0.042447	1.000000	1.000000
LA_IVA_2024	rand.84	25	2	25	2	0.144549	1.000000	1.000000
LA_IVA_2024	rand.85	29	2	29	2	0.106429	1.000000	1.000000
LA_IVA_2024	rand.86	21	2	21	2	0.001636	1.000000	1.000000
LA_IVA_2024	rand.87	16	2	16	2	0.303788	1.000000	1.000000
LA_IVA_2024	rand.88	6	2	6	2	0.081704	1.000000	1.000000
LA_IVA_2024	rand.9	9	2	9	2	0.081704	1.000000	1.000000
LA_IVA_2024	rand.91	12	2	12	2	0.020131	1.000000	1.000000
LA_IVA_2024	rand.92	10	2	10	2	0.278072	1.000000	1.000000
LA_IVA_2024	rand.93	13	2	13	2	0.220650	1.000000	1.000000
LA_IVA_2024	rand.94	8	2	8	2	0.188722	1.000000	1.000000
LA_IVA_2024	rand.95	8	2	8	2	0.456436	1.000000	1.000000
LA_IVA_2024	rand.96	4	2	4	2	0.188722	1.000000	1.000000
LA_IVA_2024	rand.97	18	2	18	2	0.081704	1.000000	1.000000
LA_IVA_2024	rand.98	14	2	14	2	0.250405	1.000000	1.000000
LA_IVA_2024	rand.99	8	2	8	2	0.456436	1.000000	1.000000
LA_IVB_2024	rand.1	8	2	8	2	0.456436	1.000000	1.000000
LA_IVB_2024	rand.10	8	2	8	2	0.188722	1.000000	1.000000
LA_IVB_2024	rand.100	10	2	10	2	0.029049	1.000000	1.000000
LA_IVB_2024	rand.12	8	2	8	2	0.188722	1.000000	1.000000
LA_IVB_2024	rand.16	6	2	6	2	0.081704	1.000000	1.000000
LA_IVB_2024	rand.17	5	2	5	2	0.278072	1.000000	1.000000
LA_IVB_2024	rand.18	10	2	10	2	0.531004	1.000000	1.000000
LA_IVB_2024	rand.19	5	2	5	2	0.029049	1.000000	1.000000
LA_IVB_2024	rand.2	8	2	8	2	0.456436	1.000000	1.000000
LA_IVB_2024	rand.20	8	2	8	2	0.456436	1.000000	1.000000
LA_IVB_2024	rand.21	24	2	24	2	0.750118	1.000000	1.000000
LA_IVB_2024	rand.22	8	2	8	2	0.045566	1.000000	1.000000
LA_IVB_2024	rand.23	11	2	11	2	0.154649	1.000000	1.000000
LA_IVB_2024	rand.24	8	2	8	2	0.188722	1.000000	1.000000
LA_IVB_2024	rand.25	9	2	9	2	0.496742	1.000000	1.000000
LA_IVB_2024	rand.26	9	2	9	2	0.235795	1.000000	1.000000
LA_IVB_2024	rand.27	8	2	8	2	0.000000	1.000000	1.000000
LA_IVB_2024	rand.28	15	2	15	2	0.003208	1.000000	1.000000
LA_IVB_2024	rand.3	9	2	9	2	0.008924	1.000000	1.000000
LA_IVB_2024	rand.30	12	2	12	2	0.081704	1.000000	1.000000
LA_IVB_2024	rand.31	24	2	24	2	0.750118	1.000000	1.000000
LA_IVB_2024	rand.32	8	2	8	2	0.188722	1.000000	1.000000
LA_IVB_2024	rand.33	8	2	8	2	0.188722	1.000000	1.000000
LA_IVB_2024	rand.34	9	2	9	2	0.081704	1.000000	1.000000
LA_IVB_2024	rand.36	4	2	4	2	0.000000	1.000000	1.000000
LA_IVB_2024	rand.37	8	2	8	2	0.045566	1.000000	1.000000
LA_IVB_2024	rand.4	10	2	10	2	0.029049	1.000000	1.000000
LA_IVB_2024	rand.42	9	2	9	2	0.008924	1.000000	1.000000
LA_IVB_2024	rand.43	8	2	8	2	0.000000	1.000000	1.000000
LA_IVB_2024	rand.44	9	2	9	2	0.081704	1.000000	1.000000
LA_IVB_2024	rand.45	9	2	9	2	0.081704	1.000000	1.000000
LA_IVB_2024	rand.46	8	2	8	2	0.456436	1.000000	1.000000
LA_IVB_2024	rand.47	9	2	9	2	0.008924	1.000000	1.000000
LA_IVB_2024	rand.49	10	2	10	2	0.029049	1.000000	1.000000
LA_IVB_2024	rand.5	8	2	8	2	0.045566	1.000000	1.000000
LA_IVB_2024	rand.50	8	2	8	2	0.188722	1.000000	1.000000
LA_IVB_2024	rand.51	8	2	8	2	0.045566	1.000000	1.000000
LA_IVB_2024	rand.52	21	2	21	2	0.081704	1.000000	1.000000
LA_IVB_2024	rand.53	8	2	8	2	0.045566	1.000000	1.000000
LA_IVB_2024	rand.54	8	2	8	2	0.045566	1.000000	1.000000
LA_IVB_2024	rand.55	8	2	8	2	0.000000	1.000000	1.000000
LA_IVB_2024	rand.56	8	1	8	1	1.000000	1.000000	1.000000
LA_IVB_2024	rand.58	8	2	8	2	0.188722	1.000000	1.000000
LA_IVB_2024	rand.59	8	2	8	2	0.000000	1.000000	1.000000
LA_IVB_2024	rand.6	6	2	6	2	0.081704	1.000000	1.000000
LA_IVB_2024	rand.62	8	2	8	2	0.000000	1.000000	1.000000
LA_IVB_2024	rand.63	9	2	9	2	0.008924	1.000000	1.000000
LA_IVB_2024	rand.64	9	2	9	2	0.008924	1.000000	1.000000
LA_IVB_2024	rand.65	9	2	9	2	0.235795	1.000000	1.000000
LA_IVB_2024	rand.66	8	2	8	2	0.188722	1.000000	1.000000
LA_IVB_2024	rand.67	8	2	8	2	0.188722	1.000000	1.000000
LA_IVB_2024	rand.68	8	2	8	2	0.045566	1.000000	1.000000
LA_IVB_2024	rand.69	8	2	8	2	0.045566	1.000000	1.000000
LA_IVB_2024	rand.70	9	2	9	2	0.235795	1.000000	1.000000
LA_IVB_2024	rand.71	8	2	8	2	0.045566	1.000000	1.000000
LA_IVB_2024	rand.72	8	1	8	1	1.000000	1.000000	1.000000
LA_IVB_2024	rand.73	8	2	8	2	0.000000	1.000000	1.000000
LA_IVB_2024	rand.74	8	2	8	2	0.188722	1.000000	1.000000
LA_IVB_2024	rand.75	20	2	20	2	0.029049	1.000000	1.000000
LA_IVB_2024	rand.76	6	1	6	1	1.000000	1.000000	1.000000
LA_IVB_2024	rand.77	8	2	8	2	0.188722	1.000000	1.000000
LA_IVB_2024	rand.78	8	2	8	2	0.045566	1.000000	1.000000
LA_IVB_2024	rand.79	18	2	18	2	0.496742	1.000000	1.000000
LA_IVB_2024	rand.8	8	2	8	2	0.045566	1.000000	1.000000
LA_IVB_2024	rand.80	8	2	8	2	0.188722	1.000000	1.000000
LA_IVB_2024	rand.81	12	2	12	2	0.000000	1.000000	1.000000
LA_IVB_2024	rand.82	8	2	8	2	0.188722	1.000000	1.000000
LA_IVB_2024	rand.83	8	2	8	2	0.045566	1.000000	1.000000
LA_IVB_2024	rand.84	25	2	25	2	0.597821	1.000000	1.000000
LA_IVB_2024	rand.85	9	2	9	2	0.235795	1.000000	1.000000
LA_IVB_2024	rand.86	20	2	20	2	0.065932	1.000000	1.000000
LA_IVB_2024	rand.87	8	2	8	2	0.456436	1.000000	1.000000
LA_IVB_2024	rand.88	9	2	9	2	0.081704	1.000000	1.000000
LA_IVB_2024	rand.89	8	2	8	2	0.456436	1.000000	1.000000
LA_IVB_2024	rand.9	9	2	9	2	0.008924	1.000000	1.000000
LA_IVB_2024	rand.90	9	2	9	2	0.081704	1.000000	1.000000
LA_IVB_2024	rand.91	11	2	11	2	0.154649	1.000000	1.000000
LA_IVB_2024	rand.92	8	2	8	2	0.456436	1.000000	1.000000
LA_IVB_2024	rand.93	8	2	8	2	0.045566	1.000000	1.000000
LA_IVB_2024	rand.94	11	2	11	2	0.005970	1.000000	1.000000
LA_IVB_2024	rand.95	8	2	8	2	0.045566	1.000000	1.000000
LA_IVB_2024	rand.96	8	2	8	2	0.000000	1.000000	1.000000
LA_IVB_2024	rand.97	8	2	8	2	0.188722	1.000000	1.000000
LA_IVB_2024	rand.98	8	2	8	2	0.188722	1.000000	1.000000
LA_IVB_2024	rand.99	8	2	8	2	0.000000	1.000000	1.000000
LA_RHV_2024	rand.10	8	3	8	3	0.053605	1.000000	1.000000
LA_RHV_2024	rand.100	12	3	12	3	0.079380	1.000000	1.000000
LA_RHV_2024	rand.11	4	2	4	2	0.188722	1.000000	1.000000
LA_RHV_2024	rand.12	4	2	4	2	0.188722	1.000000	1.000000
LA_RHV_2024	rand.16	4	2	4	2	0.188722	1.000000	1.000000
LA_RHV_2024	rand.17	4	2	4	2	0.188722	1.000000	1.000000
LA_RHV_2024	rand.19	4	2	4	2	0.188722	1.000000	1.000000
LA_RHV_2024	rand.20	7	2	7	2	0.014772	1.000000	1.000000
LA_RHV_2024	rand.24	9	3	8	3	0.014943	0.888889	0.908593
LA_RHV_2024	rand.27	14	2	14	2	0.628768	1.000000	1.000000
LA_RHV_2024	rand.28	10	2	10	2	0.029049	1.000000	1.000000
LA_RHV_2024	rand.3	6	2	6	2	0.081704	1.000000	1.000000
LA_RHV_2024	rand.30	12	2	12	2	0.586183	1.000000	1.000000
LA_RHV_2024	rand.31	5	2	4	2	0.000000	0.800000	0.922260
LA_RHV_2024	rand.33	15	2	12	2	0.586183	0.800000	0.581671
LA_RHV_2024	rand.34	7	2	7	2	0.408327	1.000000	1.000000
LA_RHV_2024	rand.35	5	2	5	2	0.029049	1.000000	1.000000
LA_RHV_2024	rand.39	13	2	12	2	0.349978	0.923077	0.881685
LA_RHV_2024	rand.40	6	2	6	2	0.000000	1.000000	1.000000
LA_RHV_2024	rand.41	9	2	8	2	0.456436	0.888889	0.854008
LA_RHV_2024	rand.43	5	2	5	2	0.278072	1.000000	1.000000
LA_RHV_2024	rand.44	12	4	12	4	0.020426	1.000000	1.000000
LA_RHV_2024	rand.5	5	2	5	2	0.029049	1.000000	1.000000
LA_RHV_2024	rand.50	7	2	7	2	0.014772	1.000000	1.000000
LA_RHV_2024	rand.51	16	3	15	3	0.081010	0.937500	0.946040
LA_RHV_2024	rand.57	14	2	14	2	0.059714	1.000000	1.000000
LA_RHV_2024	rand.58	4	2	4	2	0.000000	1.000000	1.000000
LA_RHV_2024	rand.6	5	2	5	2	0.029049	1.000000	1.000000
LA_RHV_2024	rand.63	4	2	4	2	0.188722	1.000000	1.000000
LA_RHV_2024	rand.69	14	3	14	3	0.107992	1.000000	1.000000
LA_RHV_2024	rand.74	4	2	4	2	0.188722	1.000000	1.000000
LA_RHV_2024	rand.76	6	2	6	2	0.081704	1.000000	1.000000
LA_RHV_2024	rand.8	9	2	9	2	0.235795	1.000000	1.000000
LA_RHV_2024	rand.80	6	2	6	2	0.081704	1.000000	1.000000
LA_RHV_2024	rand.87	4	2	4	2	0.188722	1.000000	1.000000
LA_RHV_2024	rand.89	11	2	11	2	0.005970	1.000000	1.000000
LA_RHV_2024	rand.90	12	2	12	2	0.020131	1.000000	1.000000
LA_RHV_2024	rand.91	15	2	15	2	0.163359	1.000000	1.000000
LA_RHV_2024	rand.98	4	2	4	2	0.000000	1.000000	1.000000
LA_SARS2_2024	rand.17	19	2	19	2	0.257512	1.000000	1.000000
LA_SARS2_2024	rand.19	10	2	10	2	0.029049	1.000000	1.000000
LA_SARS2_2024	rand.24	4	2	4	2	0.188722	1.000000	1.000000
LA_SARS2_2024	rand.26	40	3	38	2	0.514539	1.000000	1.000000
LA_SARS2_2024	rand.30	6	2	6	2	0.349978	1.000000	1.000000
LA_SARS2_2024	rand.31	5	2	5	2	0.278072	1.000000	1.000000
LA_SARS2_2024	rand.32	7	2	7	2	0.014772	1.000000	1.000000
LA_SARS2_2024	rand.33	6	2	4	1	1.000000	1.000000	1.000000
LA_SARS2_2024	rand.38	8	2	8	2	0.188722	1.000000	1.000000
LA_SARS2_2024	rand.40	7	2	7	2	0.136879	1.000000	1.000000
LA_SARS2_2024	rand.41	49	2	49	2	0.165352	1.000000	1.000000
LA_SARS2_2024	rand.42	11	2	11	2	0.005970	1.000000	1.000000
LA_SARS2_2024	rand.48	31	2	10	1	1.000000	1.000000	1.000000
LA_SARS2_2024	rand.5	6	2	6	2	0.081704	1.000000	1.000000
LA_SARS2_2024	rand.51	8	2	8	2	0.456436	1.000000	1.000000
LA_SARS2_2024	rand.52	9	2	9	2	0.081704	1.000000	1.000000
LA_SARS2_2024	rand.53	7	2	7	2	0.136879	1.000000	1.000000
LA_SARS2_2024	rand.56	20	2	20	2	0.007226	1.000000	1.000000
LA_SARS2_2024	rand.57	8	2	1	1	1.000000	1.000000	1.000000
LA_SARS2_2024	rand.60	4	2	2	1	1.000000	1.000000	1.000000
LA_SARS2_2024	rand.62	12	2	12	2	0.586183	1.000000	1.000000
LA_SARS2_2024	rand.63	27	2	27	2	0.394813	1.000000	1.000000
LA_SARS2_2024	rand.66	44	3	4	1	1.000000	1.000000	1.000000
LA_SARS2_2024	rand.67	8	2	2	1	1.000000	0.666667	0.992545
LA_SARS2_2024	rand.69	25	2	25	2	0.029049	1.000000	1.000000
LA_SARS2_2024	rand.71	8	2	3	1	1.000000	1.000000	1.000000
LA_SARS2_2024	rand.72	38	3	38	3	0.223035	1.000000	1.000000
LA_SARS2_2024	rand.73	5	2	5	2	0.029049	1.000000	1.000000
LA_SARS2_2024	rand.8	23	2	23	2	0.012307	1.000000	1.000000
LA_SARS2_2024	rand.87	5	2	5	2	0.278072	1.000000	1.000000
LA_SARS2_2024	rand.88	6	2	6	2	0.349978	1.000000	1.000000
LA_SARS2_2024	rand.89	4	2	4	2	0.000000	1.000000	1.000000
LA_SARS2_2024	rand.90	27	2	27	2	0.619053	1.000000	1.000000
LA_SARS2_2024	rand.93	8	2	8	2	0.000000	1.000000	1.000000
LA_SARS2_2024	rand.95	4	2	3	2	0.081704	0.750000	0.980207
LA_SARS2_2024	rand.96	30	2	30	2	0.163359	1.000000	1.000000
LA_SARS2_2024	rand.97	24	2	24	2	0.045566	1.000000	1.000000
LA_SARS2_2024	rand.98	9	2	3	1	1.000000	0.428571	0.969622
LA_SARS2_2024	rand.99	6	2	5	1	1.000000	1.000000	1.000000
Saha_CHIKV_2019	rand.10	52	5	1	1	1.000000	0.333333	0.938319
Saha_CHIKV_2019	rand.11	37	4	1	1	1.000000	0.500000	0.970887
Saha_CHIKV_2019	rand.14	29	4	1	1	1.000000	1.000000	1.000000
Saha_CHIKV_2019	rand.17	36	3	1	1	1.000000	0.333333	0.938295
Saha_CHIKV_2019	rand.19	13	2	1	1	1.000000	0.500000	0.963097
Saha_CHIKV_2019	rand.2	55	6	1	1	1.000000	1.000000	1.000000
Saha_CHIKV_2019	rand.20	51	7	1	1	1.000000	1.000000	1.000000
Saha_CHIKV_2019	rand.26	63	8	1	1	1.000000	1.000000	1.000000
Saha_CHIKV_2019	rand.3	53	6	1	1	1.000000	0.200000	0.890293
Saha_CHIKV_2019	rand.33	64	3	1	1	1.000000	0.250000	0.878125
Saha_CHIKV_2019	rand.34	35	6	1	1	1.000000	0.500000	0.970325
Saha_CHIKV_2019	rand.39	53	7	1	1	1.000000	1.000000	1.000000
Saha_CHIKV_2019	rand.40	53	8	1	1	1.000000	1.000000	1.000000
Saha_CHIKV_2019	rand.41	56	7	1	1	1.000000	1.000000	1.000000
Saha_CHIKV_2019	rand.50	48	5	1	1	1.000000	0.333333	0.930814
Saha_CHIKV_2019	rand.52	14	2	1	1	1.000000	1.000000	1.000000
Saha_CHIKV_2019	rand.53	52	10	1	1	1.000000	0.500000	0.969292
Saha_CHIKV_2019	rand.55	45	6	1	1	1.000000	1.000000	1.000000
Saha_CHIKV_2019	rand.56	56	7	1	1	1.000000	0.250000	0.915214
Saha_CHIKV_2019	rand.59	53	4	1	1	1.000000	1.000000	1.000000
Saha_CHIKV_2019	rand.6	63	10	1	1	1.000000	0.125000	0.808393
Saha_CHIKV_2019	rand.60	26	4	1	1	1.000000	1.000000	1.000000
Saha_CHIKV_2019	rand.63	35	5	1	1	1.000000	0.250000	0.912440
Saha_CHIKV_2019	rand.69	66	7	1	1	1.000000	1.000000	1.000000
Saha_CHIKV_2019	rand.7	27	6	1	1	1.000000	1.000000	1.000000
Saha_CHIKV_2019	rand.70	52	9	1	1	1.000000	0.333333	0.942253
Saha_CHIKV_2019	rand.77	23	3	1	1	1.000000	1.000000	1.000000
Saha_CHIKV_2019	rand.79	65	8	1	1	1.000000	1.000000	1.000000
Saha_CHIKV_2019	rand.82	47	6	1	1	1.000000	0.500000	0.973162
Saha_CHIKV_2019	rand.84	25	3	1	1	1.000000	1.000000	1.000000
Saha_CHIKV_2019	rand.86	48	7	1	1	1.000000	0.500000	0.972417
Saha_CHIKV_2019	rand.87	18	3	1	1	1.000000	0.250000	0.912286
Saha_CHIKV_2019	rand.88	55	8	1	1	1.000000	1.000000	1.000000
Saha_CHIKV_2019	rand.9	48	7	1	1	1.000000	0.250000	0.237966
Saha_CHIKV_2019	rand.95	47	6	2	1	1.000000	0.666667	0.973496
Saha_CHIKV_2019	rand.97	43	4	1	1	1.000000	0.125000	0.756771
Tony_Ebola_2014	rand.1	14	2	1	1	1.000000	0.333333	0.949785
Tony_Ebola_2014	rand.10	9	2	8	1	1.000000	1.000000	1.000000
Tony_Ebola_2014	rand.100	12	2	9	1	1.000000	1.000000	1.000000
Tony_Ebola_2014	rand.14	8	2	8	2	0.045566	1.000000	1.000000
Tony_Ebola_2014	rand.16	28	2	2	1	1.000000	0.074074	0.609205
Tony_Ebola_2014	rand.17	25	2	1	1	1.000000	0.055556	0.687846
Tony_Ebola_2014	rand.18	24	2	2	1	1.000000	0.181818	0.806552
Tony_Ebola_2014	rand.21	29	2	2	1	1.000000	0.071429	0.608993
Tony_Ebola_2014	rand.25	17	2	17	2	0.212873	1.000000	1.000000
Tony_Ebola_2014	rand.26	9	2	9	2	0.081704	1.000000	1.000000
Tony_Ebola_2014	rand.29	4	2	1	1	1.000000	1.000000	1.000000
Tony_Ebola_2014	rand.30	5	2	3	1	1.000000	0.750000	0.979738
Tony_Ebola_2014	rand.34	16	2	1	1	1.000000	0.066667	0.721870
Tony_Ebola_2014	rand.36	49	2	3	2	0.081704	0.061224	0.431217
Tony_Ebola_2014	rand.39	50	2	3	1	1.000000	1.000000	1.000000
Tony_Ebola_2014	rand.40	45	2	1	1	1.000000	1.000000	1.000000
Tony_Ebola_2014	rand.42	23	2	2	1	1.000000	0.090909	0.659056
Tony_Ebola_2014	rand.43	15	2	2	1	1.000000	1.000000	1.000000
Tony_Ebola_2014	rand.46	17	2	17	2	0.126019	1.000000	1.000000
Tony_Ebola_2014	rand.50	26	2	2	1	1.000000	0.117647	0.745087
Tony_Ebola_2014	rand.51	21	2	1	1	1.000000	0.052632	0.667738
Tony_Ebola_2014	rand.52	6	2	6	2	0.000000	1.000000	1.000000
Tony_Ebola_2014	rand.53	16	2	16	2	0.662710	1.000000	1.000000
Tony_Ebola_2014	rand.56	23	2	2	1	1.000000	1.000000	1.000000
Tony_Ebola_2014	rand.59	21	2	2	1	1.000000	0.100000	0.699159
Tony_Ebola_2014	rand.63	17	2	2	1	1.000000	0.125000	0.759554
Tony_Ebola_2014	rand.66	16	2	3	1	1.000000	1.000000	1.000000
Tony_Ebola_2014	rand.69	3	2	3	2	0.081704	1.000000	1.000000
Tony_Ebola_2014	rand.73	23	2	2	1	1.000000	0.090909	0.670756
Tony_Ebola_2014	rand.74	19	2	17	1	1.000000	1.000000	1.000000
Tony_Ebola_2014	rand.77	6	2	3	1	1.000000	0.750000	0.832206
Tony_Ebola_2014	rand.85	14	2	3	1	1.000000	1.000000	1.000000
Tony_Ebola_2014	rand.86	11	2	1	1	1.000000	0.333333	0.932778
Tony_Ebola_2014	rand.88	11	2	9	1	1.000000	1.000000	1.000000
Tony_Ebola_2014	rand.91	49	2	2	2	0.000000	0.040816	0.426389
Tony_Ebola_2014	rand.93	19	2	19	2	0.100256	1.000000	1.000000
Tony_Ebola_2014	rand.94	18	2	2	1	1.000000	0.250000	0.854683
Tony_Ebola_2014	rand.95	20	2	19	1	1.000000	1.000000	1.000000
Tony_Ebola_2014	rand.96	20	2	2	1	1.000000	1.000000	1.000000
Zhang_Dengue_2021	rand.1	10	2	1	1	1.000000	1.000000	1.000000
Zhang_Dengue_2021	rand.10	18	4	4	1	1.000000	1.000000	1.000000
Zhang_Dengue_2021	rand.100	10	2	1	1	1.000000	1.000000	1.000000
Zhang_Dengue_2021	rand.11	13	2	2	1	1.000000	1.000000	1.000000
Zhang_Dengue_2021	rand.12	6	2	1	1	1.000000	1.000000	1.000000
Zhang_Dengue_2021	rand.13	5	2	3	1	1.000000	1.000000	1.000000
Zhang_Dengue_2021	rand.14	11	2	1	1	1.000000	1.000000	1.000000
Zhang_Dengue_2021	rand.15	10	2	1	1	1.000000	1.000000	1.000000
Zhang_Dengue_2021	rand.16	9	3	2	1	1.000000	1.000000	1.000000
Zhang_Dengue_2021	rand.18	7	2	7	2	0.014772	1.000000	1.000000
Zhang_Dengue_2021	rand.19	5	2	3	1	1.000000	1.000000	1.000000
Zhang_Dengue_2021	rand.2	13	3	2	1	1.000000	1.000000	1.000000
Zhang_Dengue_2021	rand.20	14	3	5	1	1.000000	1.000000	1.000000
Zhang_Dengue_2021	rand.21	13	3	4	1	1.000000	1.000000	1.000000
Zhang_Dengue_2021	rand.22	14	2	7	1	1.000000	1.000000	1.000000
Zhang_Dengue_2021	rand.23	5	2	5	2	0.029049	1.000000	1.000000
Zhang_Dengue_2021	rand.25	13	3	5	1	1.000000	1.000000	1.000000
Zhang_Dengue_2021	rand.27	8	2	2	1	1.000000	1.000000	1.000000
Zhang_Dengue_2021	rand.28	12	3	1	1	1.000000	1.000000	1.000000
Zhang_Dengue_2021	rand.3	5	2	2	1	1.000000	1.000000	1.000000
Zhang_Dengue_2021	rand.30	8	2	1	1	1.000000	1.000000	1.000000
Zhang_Dengue_2021	rand.31	5	2	2	1	1.000000	1.000000	1.000000
Zhang_Dengue_2021	rand.32	18	3	6	1	1.000000	1.000000	1.000000
Zhang_Dengue_2021	rand.33	13	2	2	1	1.000000	1.000000	1.000000
Zhang_Dengue_2021	rand.34	11	2	2	1	1.000000	0.333333	0.856527
Zhang_Dengue_2021	rand.35	8	2	1	1	1.000000	1.000000	1.000000
Zhang_Dengue_2021	rand.36	10	2	2	1	1.000000	1.000000	1.000000
Zhang_Dengue_2021	rand.37	6	2	1	1	1.000000	0.250000	0.794364
Zhang_Dengue_2021	rand.38	12	3	3	1	1.000000	1.000000	1.000000
Zhang_Dengue_2021	rand.4	8	2	1	1	1.000000	1.000000	1.000000
Zhang_Dengue_2021	rand.41	12	2	1	1	1.000000	1.000000	1.000000
Zhang_Dengue_2021	rand.43	7	2	3	1	1.000000	1.000000	1.000000
Zhang_Dengue_2021	rand.44	9	3	1	1	1.000000	1.000000	1.000000
Zhang_Dengue_2021	rand.45	4	2	3	2	0.081704	0.750000	0.962232
Zhang_Dengue_2021	rand.46	12	2	4	1	1.000000	1.000000	1.000000
Zhang_Dengue_2021	rand.47	16	2	5	1	1.000000	1.000000	1.000000
Zhang_Dengue_2021	rand.48	15	3	3	2	0.081704	1.000000	1.000000
Zhang_Dengue_2021	rand.49	7	2	1	1	1.000000	0.250000	0.887715
Zhang_Dengue_2021	rand.5	12	3	2	1	1.000000	1.000000	1.000000
Zhang_Dengue_2021	rand.50	12	2	7	1	1.000000	1.000000	1.000000
Zhang_Dengue_2021	rand.51	10	2	3	1	1.000000	1.000000	1.000000
Zhang_Dengue_2021	rand.53	13	2	1	1	1.000000	1.000000	1.000000
Zhang_Dengue_2021	rand.54	8	2	3	1	1.000000	0.750000	0.955978
Zhang_Dengue_2021	rand.55	16	2	5	1	1.000000	0.833333	0.812214
Zhang_Dengue_2021	rand.56	11	2	4	1	1.000000	1.000000	1.000000
Zhang_Dengue_2021	rand.57	14	2	5	1	1.000000	0.833333	0.847745
Zhang_Dengue_2021	rand.58	15	3	6	1	1.000000	1.000000	1.000000
Zhang_Dengue_2021	rand.59	4	2	2	1	1.000000	1.000000	1.000000
Zhang_Dengue_2021	rand.60	17	2	6	1	1.000000	1.000000	1.000000
Zhang_Dengue_2021	rand.61	5	2	2	1	1.000000	1.000000	1.000000
Zhang_Dengue_2021	rand.62	5	2	4	2	0.188722	0.800000	0.836752
Zhang_Dengue_2021	rand.63	5	2	1	1	1.000000	1.000000	1.000000
Zhang_Dengue_2021	rand.65	8	2	2	1	1.000000	1.000000	1.000000
Zhang_Dengue_2021	rand.66	12	3	2	1	1.000000	1.000000	1.000000
Zhang_Dengue_2021	rand.67	13	2	1	1	1.000000	1.000000	1.000000
Zhang_Dengue_2021	rand.68	5	2	1	1	1.000000	1.000000	1.000000
Zhang_Dengue_2021	rand.69	8	2	4	1	1.000000	1.000000	1.000000
Zhang_Dengue_2021	rand.7	9	2	4	1	1.000000	1.000000	1.000000
Zhang_Dengue_2021	rand.70	10	2	1	1	1.000000	1.000000	1.000000
Zhang_Dengue_2021	rand.72	4	2	2	1	1.000000	1.000000	1.000000
Zhang_Dengue_2021	rand.73	8	2	1	1	1.000000	1.000000	1.000000
Zhang_Dengue_2021	rand.74	7	2	1	1	1.000000	1.000000	1.000000
Zhang_Dengue_2021	rand.76	8	2	1	1	1.000000	1.000000	1.000000
Zhang_Dengue_2021	rand.77	11	2	2	1	1.000000	1.000000	1.000000
Zhang_Dengue_2021	rand.78	16	3	1	1	1.000000	1.000000	1.000000
Zhang_Dengue_2021	rand.79	10	2	1	1	1.000000	1.000000	1.000000
Zhang_Dengue_2021	rand.80	7	2	2	1	1.000000	1.000000	1.000000
Zhang_Dengue_2021	rand.81	8	2	1	1	1.000000	1.000000	1.000000
Zhang_Dengue_2021	rand.82	12	3	2	1	1.000000	1.000000	1.000000
Zhang_Dengue_2021	rand.83	9	2	3	1	1.000000	1.000000	1.000000
Zhang_Dengue_2021	rand.84	10	3	2	1	1.000000	1.000000	1.000000
Zhang_Dengue_2021	rand.85	4	2	1	1	1.000000	0.500000	0.973258
Zhang_Dengue_2021	rand.86	12	3	3	1	1.000000	1.000000	1.000000
Zhang_Dengue_2021	rand.87	7	2	3	1	1.000000	1.000000	1.000000
Zhang_Dengue_2021	rand.88	13	2	1	1	1.000000	1.000000	1.000000
Zhang_Dengue_2021	rand.89	6	2	1	1	1.000000	1.000000	1.000000
Zhang_Dengue_2021	rand.9	6	2	1	1	1.000000	1.000000	1.000000
Zhang_Dengue_2021	rand.90	6	2	4	1	1.000000	1.000000	1.000000
Zhang_Dengue_2021	rand.91	6	2	1	1	1.000000	1.000000	1.000000
Zhang_Dengue_2021	rand.92	13	2	2	1	1.000000	1.000000	1.000000
Zhang_Dengue_2021	rand.93	4	2	1	1	1.000000	1.000000	1.000000
Zhang_Dengue_2021	rand.94	11	2	1	1	1.000000	1.000000	1.000000
Zhang_Dengue_2021	rand.95	12	3	2	1	1.000000	0.666667	0.841497
Zhang_Dengue_2021	rand.96	8	2	1	1	1.000000	1.000000	1.000000
Zhang_Dengue_2021	rand.97	7	2	3	1	1.000000	1.000000	1.000000
Zhang_Dengue_2021	rand.99	15	3	3	1	1.000000	1.000000	1.000000
