sample	gca	fragment_num	mapped_fragment_num	mapped_ref_bases	BreakPoint	cov	snp	indel	signal_ratio	totalBases	adjust_mapped_fragment_num	adjust_mapped_ref_bases	adjust_signal_ratio	adjusted_cov
rand.74	covid	10	1	29796	2	99.6422	12	0	88.9805	33486	1	29810	89.0222779669115	99.6890180561149
rand.73	covid	5	3	29815	8	99.7057	22	0	97.3174	30754	3	30001	97.5515380113156	100
rand.60	covid	344	3	29856	10	99.8428	22	4	16.9928	176587	3	30056	17.0205054732228	100
rand.88	covid	54	1	29849	4	99.8194	28	0	60.0104	49963	1	30022	60.0884654644437	100
rand.35	covid	11	1	29861	4	99.8595	18	0	88.9553	33618	1	29959	89.1159497888036	100
rand.4	covid	3	1	29818	4	99.7157	12	0	97.4423	30692	1	29921	97.4879447413007	100
rand.43	covid	736	1	29843	4	99.7994	14	0	7.7425	386698	1	29940	7.74247604073463	100
rand.87	covid	405	1	29827	4	99.7458	20	4	14.8568	201201	1	29892	14.8567850060387	99.9631693968552
rand.21	covid	5	1	29822	4	99.7291	16	0	95.2530	31367	1	29899	95.3199222112411	99.9865991851653
rand.71	covid	12	1	29858	4	99.8495	18	0	85.5213	35017	1	29967	85.5784333323814	100
rand.11	covid	15	4	29733	8	99.4315	28	0	88.5560	33607	4	29825	88.7463921206891	99.7391614536037
rand.29	covid	425	1	29836	6	99.7759	24	0	14.2783	210249	1	30020	14.2783081013465	100
rand.56	NA	NA	NA	NA	NA	NA	NA	NA	NA	NA	NA	NA	NA	NA
rand.63	NA	NA	NA	NA	NA	NA	NA	NA	NA	NA	NA	NA	NA	NA
rand.86	covid	13	1	29839	2	99.7860	22	0	86.3722	34547	1	29898	86.542970446059	99.983304668387
rand.75	covid	6	1	29796	2	99.6422	12	0	93.6952	31801	1	29810	93.7391905914908	99.6890180561149
rand.65	covid	119	1	29843	4	99.7994	14	0	40.7878	73343	1	29915	40.7878052438542	100
rand.93	covid	5	4	29834	14	99.7693	24	0	98.1931	30661	4	30180	98.4312318580607	100
rand.61	covid	4	3	29818	10	99.7157	22	0	98.9359	30353	3	30045	98.9852732843541	100
rand.58	covid	7	2	29858	6	99.8495	28	0	94.5986	31640	2	29951	94.6618204804045	100
rand.44	NA	NA	NA	NA	NA	NA	NA	NA	NA	NA	NA	NA	NA	NA
rand.1	covid	14	1	29843	4	99.7994	14	0	87.0206	34447	1	29976	87.0206404040991	100
rand.77	covid	11	1	29871	6	99.8930	10	6	89.1800	33743	1	30092	89.1799780695255	100
rand.53	covid	32	1	29825	4	99.7392	24	0	70.9312	42107	1	29867	70.9311990880376	99.8796541961442
rand.81	NA	NA	NA	NA	NA	NA	NA	NA	NA	NA	NA	NA	NA	NA
rand.17	covid	63	32	16508	72	55.2052	11	0	57.9523	29155	32	17084	58.5971531469731	57.1314294160407
rand.69	covid	31	3	29794	8	99.6355	21	0	74.5493	40105	3	29962	74.7088891659394	100
rand.30	covid	38	1	29796	2	99.6422	24	0	62.7390	47492	1	29810	62.768466268003	99.6890180561149
rand.90	covid	458	1	29818	4	99.7157	24	0	11.1090	269186	1	29918	11.1142481406908	100
rand.59	covid	1	1	29858	4	99.8495	18	0	99.9266	29969	1	29969	100	100
rand.32	covid	7	1	29842	2	99.7960	12	0	94.6284	31536	1	29863	94.6949518011162	99.8662270625293
rand.2	covid	9	2	29833	4	99.7659	18	0	93.6164	31910	2	29902	93.7073017862739	99.9966460563805
rand.98	NA	NA	NA	NA	NA	NA	NA	NA	NA	NA	NA	NA	NA	NA
rand.3	covid	414	1	29836	6	99.7759	16	0	15.7183	191280	1	30066	15.7183186951067	100
rand.9	covid	15	2	29858	8	99.8495	24	0	86.2051	34897	2	30096	86.2423704043327	100
rand.70	covid	16	1	29856	4	99.8428	28	0	85.3931	35052	1	29960	85.4730115257332	100
rand.27	covid	453	1	29836	6	99.7759	16	0	11.4120	263459	1	30066	11.4120223640111	100
rand.83	covid	1030	1	29843	4	99.7994	18	0	5.9691	501482	1	29934	5.96910756517682	100
rand.46	covid	23	5	29861	12	99.8595	20	0	84.3574	35659	5	30161	84.581732521944	100
rand.41	NA	NA	NA	NA	NA	NA	NA	NA	NA	NA	NA	NA	NA	NA
rand.95	covid	161	1	29849	4	99.8194	24	0	29.5988	101298	1	30022	29.6373077454639	100
rand.26	covid	35	1	29856	6	99.8428	18	0	71.2539	42190	1	30062	71.2538516236075	100
rand.18	covid	7	2	29839	4	99.7860	20	0	95.4901	31287	2	29958	95.7522293604372	100
rand.80	covid	70	1	29827	4	99.7458	12	0	52.6941	56735	1	29896	52.6941041685027	99.9765459751232
rand.36	NA	NA	NA	NA	NA	NA	NA	NA	NA	NA	NA	NA	NA	NA
rand.79	covid	18	1	29858	4	99.8495	18	0	74.8394	40011	1	29966	74.8944040388893	100
rand.39	covid	17	1	29834	2	99.7693	22	0	82.6587	36093	1	29910	82.869254426066	100
rand.50	covid	83	1	29856	6	99.8428	12	0	49.2594	61028	1	30062	49.2593563610146	100
rand.28	covid	3	2	24901	6	83.2726	10	0	98.7247	25328	2	25052	98.9102969046115	83.7775661700333
rand.19	covid	6	1	29871	6	99.8930	10	6	93.9025	32046	1	30092	93.9025151344942	100
rand.49	covid	44	1	29849	4	99.8194	16	0	65.2088	45980	1	30022	65.2936059156155	100
rand.6	covid	154	1	29856	4	99.8428	22	0	33.0409	90494	1	29945	33.0905916414348	100
rand.72	covid	1045	1	29831	6	99.7592	24	0	5.8334	515133	1	30050	5.83344495499221	100
rand.94	covid	7	1	29796	2	99.6422	18	0	91.1834	32677	1	29810	91.2262447593108	99.6890180561149
rand.96	covid	4	1	29861	4	99.8595	20	0	95.2477	31395	1	29942	95.3718745023093	100
rand.100	covid	55	1	29849	4	99.8194	14	0	59.8069	50133	1	30022	59.8847066802306	100
rand.40	covid	28	1	29871	6	99.8930	10	6	74.4115	40440	1	30092	74.4114737883284	100
rand.7	covid	16	1	29849	4	99.8194	18	0	81.9880	36570	1	30022	82.0946130708231	100
rand.22	covid	26	3	29856	8	99.8428	18	0	80.7227	37168	3	30047	80.8410460611279	100
rand.51	covid	8	1	29858	4	99.8495	18	0	89.0485	33630	1	29969	89.1138864109426	100
rand.91	covid	27	1	29871	6	99.8930	24	0	75.2414	39974	1	30077	75.2414069144944	100
rand.57	covid	152	1	29796	2	99.6422	12	0	33.7139	88379	1	29820	33.7410470813202	99.7224595247684
rand.5	covid	7	1	29796	2	99.6422	12	0	93.6127	31829	1	29840	93.7509818090421	99.7893424620754
rand.78	covid	14	1	29865	6	99.8729	20	0	84.1094	35694	1	30022	84.1093741245027	100
rand.34	covid	30	1	29856	4	99.8428	18	0	74.2083	40292	1	29940	74.3075548495979	100
rand.8	covid	4	1	29856	4	99.8428	28	0	95.9900	31172	1	29950	96.0798152187861	100
rand.66	covid	1038	1	29843	4	99.7994	14	0	5.8600	510815	1	29934	5.86004717950726	100
rand.42	covid	77	1	29861	4	99.8595	22	0	50.1098	59679	1	29919	50.1332126878802	100
rand.15	covid	5	1	29836	6	99.7759	16	0	95.2692	31559	1	30066	95.2691783643335	100
rand.84	covid	30	7	29657	14	99.1773	34	0	79.1221	37681	7	29957	79.5016055837159	100
rand.23	covid	3	1	29869	4	99.8863	20	0	97.8892	30604	1	29974	97.9414455626715	100
rand.76	covid	421	1	29836	2	99.7759	18	0	13.3043	224258	1	29856	13.3132374318865	99.8427828931492
rand.62	covid	15	1	29847	2	99.8127	20	0	74.1430	40256	1	29863	74.1827305246423	99.8662063222434
rand.68	covid	632	1	29841	2	99.7927	18	0	9.7837	305007	1	29841	9.78370988206828	99.7927
rand.45	covid	1	1	29818	4	99.7157	12	0	99.9532	29907	1	29907	100	100
rand.52	covid	9	1	29871	6	99.8930	14	6	89.9584	33441	1	30101	90.0122603989115	100
rand.82	NA	NA	NA	NA	NA	NA	NA	NA	NA	NA	NA	NA	NA	NA
rand.85	covid	1	1	29837	4	99.7793	10	6	100.0000	29972	1	29972	100	100
rand.13	covid	11	1	29796	2	99.6422	24	0	88.9539	33496	1	29810	88.9957009792214	99.6890180561149
rand.64	covid	41	2	29806	6	99.6756	14	0	66.9021	44882	2	30083	67.0268704603182	100
rand.25	covid	2	1	29816	4	99.7091	18	0	98.7477	30265	1	29953	98.9691062283165	100
rand.37	covid	144	1	29845	4	99.8060	24	0	35.1066	85212	1	29925	35.1182931981411	100
rand.10	covid	25	1	29855	4	99.8395	18	0	75.9345	39434	1	29969	75.9978698584978	100
rand.92	covid	32	2	29843	8	99.7994	14	0	67.7935	44640	2	30301	67.8785842293907	100
rand.47	covid	24	1	29861	4	99.8595	28	0	78.9714	37896	1	29941	79.0083386109352	100
rand.24	covid	1	1	29858	4	99.8495	26	0	99.9833	29913	1	29913	100	100
rand.89	covid	3	2	29772	4	99.5619	21	0	98.8807	30109	2	29809	99.0036201800126	99.6856333837162
rand.31	covid	2649	1	29796	2	99.6422	12	0	2.3627	1261120	1	29810	2.3637718853083	99.6890180561149
rand.54	covid	60	1	29849	4	99.8194	14	6	58.7432	50937	1	29922	58.7431533070263	100
rand.14	covid	694	1	29796	2	99.6422	12	0	9.5285	312705	1	29810	9.53294638717002	99.6890180561149
rand.33	covid	23	2	29690	6	99.2877	22	0	72.9968	40784	2	29819	73.1144566496665	99.7190948568542
rand.55	NA	NA	NA	NA	NA	NA	NA	NA	NA	NA	NA	NA	NA	NA
rand.97	covid	4	4	29771	12	99.5586	24	0	99.5796	30210	4	30210	100	100
rand.99	covid	5	3	29856	8	99.8428	18	0	97.4909	30728	3	29997	97.6210622233793	100
rand.38	covid	113	1	29871	6	99.8930	10	6	40.9176	73543	1	30092	40.9175584352012	100
rand.16	covid	25	1	29855	4	99.8395	18	0	77.4347	38670	1	29961	77.4786656322731	100
rand.12	covid	368	1	29836	6	99.7759	22	4	15.9285	188442	1	30016	15.9285085065962	100
rand.67	covid	7	1	29855	4	99.8395	18	0	93.0112	32223	1	29988	93.0639605250908	100
rand.48	covid	10	1	29836	6	99.7759	14	0	90.3588	33274	1	30066	90.3588387329446	100
rand.20	covid	7	1	29833	2	99.7659	18	0	93.7850	31810	1	29850	93.8384155925809	99.822750477659
