sample	round	prj	nCtg	nPath	cov	signal	annotatedRatio
rand.1	3	Sardi_Zika_2016	395	1	98.5194040831341	5.52196570226848	94.878173862756
rand.10	3	Sardi_Zika_2016	195	1	2.97958432959353	0.354979018986995	91.6546636026784
rand.100	3	Sardi_Zika_2016	328	1	98.5286003310649	7.23293367898034	93.8274120540847
rand.11	3	Sardi_Zika_2016	219	1	98.5194040831341	8.6322761554825	94.1917788889771
rand.12	3	Sardi_Zika_2016	336	11	92.4038992091227	6.3572806934295	90.9544818826137
rand.13	3	Sardi_Zika_2016	425	1	3.75206915578444	0.205703222683822	91.4285425592111
rand.14	3	Sardi_Zika_2016	298	1	3.60492918889093	0.302854714721675	91.6787427446665
rand.15	3	Sardi_Zika_2016	458	9	90.5186683832996	4.51331572576208	90.6341088621576
rand.16	3	Sardi_Zika_2016	90	1	98.5194040831341	23.4041158736401	85.913122843045
rand.17	3	Sardi_Zika_2016	202	1	98.5286003310649	9.89407777480215	92.4917753886833
rand.18	3	Sardi_Zika_2016	294	1	98.5194040831341	6.80726413176088	93.3480155185698
rand.19	3	Sardi_Zika_2016	491	1	3.75206915578444	0.190590972154098	90.4372773947759
rand.2	3	Sardi_Zika_2016	303	1	98.5194040831341	7.52327982134581	88.0722937312526
rand.20	3	Sardi_Zika_2016	254	8	73.4504322236528	7.27439979598528	89.2150988615938
rand.21	3	Sardi_Zika_2016	313	1	98.5102078352032	6.98327846409596	90.7893722447664
rand.22	3	Sardi_Zika_2016	243	2	7.75243700570167	0.757106291256904	87.6219434942354
rand.23	3	Sardi_Zika_2016	269	0	0	0	89.6484885639329
rand.24	3	Sardi_Zika_2016	430	11	89.8289497884863	5.17765044498746	90.7629871037347
rand.25	3	Sardi_Zika_2016	236	0	0	0	88.7713663192136
rand.26	3	Sardi_Zika_2016	152	0	0	0	91.3685703192262
rand.27	3	Sardi_Zika_2016	382	8	73.5148059591687	4.63237680218812	89.381676327974
rand.28	3	Sardi_Zika_2016	303	1	98.5194040831341	7.19974193028085	94.3237449668318
rand.29	3	Sardi_Zika_2016	325	8	73.0457973146956	5.13209839052536	92.6267469420002
rand.3	3	Sardi_Zika_2016	437	4	16.4428913003495	0.89968601561871	89.2834656863741
rand.30	3	Sardi_Zika_2016	308	8	64.0426705903991	4.80431588169959	91.3710513156846
rand.31	3	Sardi_Zika_2016	99	1	98.5286003310649	17.5913307610213	92.8692395050905
rand.32	3	Sardi_Zika_2016	389	2	7.66967077432408	0.495452412211654	90.9849131626238
rand.33	3	Sardi_Zika_2016	275	2	7.75243700570167	0.671681035169633	86.7522841580902
rand.34	3	Sardi_Zika_2016	238	1	98.5194040831341	8.06653213661828	94.1889512265039
rand.35	3	Sardi_Zika_2016	306	1	98.5194040831341	7.11038249915376	89.089986709919
rand.36	3	Sardi_Zika_2016	414	1	3.00717307338606	0.181870766081936	93.4251216073906
rand.37	3	Sardi_Zika_2016	369	10	92.1280117711974	6.08608486983992	89.1381552135691
rand.38	3	Sardi_Zika_2016	337	1	98.5286003310649	6.3562313492605	90.8999334790459
rand.39	3	Sardi_Zika_2016	293	1	4.14750781681074	0.344614162037426	92.2289526146297
rand.4	3	Sardi_Zika_2016	249	0	0	0	90.9733247094334
rand.40	3	Sardi_Zika_2016	211	10	88.486297590583	10.3454578687626	90.2872219224081
rand.41	3	Sardi_Zika_2016	420	0	0	0	89.4334641155371
rand.42	3	Sardi_Zika_2016	261	1	98.5194040831341	7.66703881827551	90.9584156880983
rand.43	3	Sardi_Zika_2016	324	9	81.0373367665992	6.16210848723453	88.6229329835831
rand.44	3	Sardi_Zika_2016	170	1	98.5102078352032	13.3983739837398	92.3178023628643
rand.45	3	Sardi_Zika_2016	382	2	6.06952363435718	0.393992215668951	91.0407776765594
rand.46	3	Sardi_Zika_2016	266	1	99.4298326282877	8.18365539635323	92.5716169984749
rand.47	3	Sardi_Zika_2016	234	1	98.5194040831341	8.81365693130399	95.0846738904878
rand.48	3	Sardi_Zika_2016	328	1	4.14750781681074	0.303685298534096	91.5695200529522
rand.49	3	Sardi_Zika_2016	316	0	0	0	90.9921114091728
rand.5	3	Sardi_Zika_2016	197	5	49.4758138679419	6.50701499758104	94.7542043984476
rand.50	3	Sardi_Zika_2016	401	9	87.4563178223285	5.41679719761911	91.6931137273795
rand.51	3	Sardi_Zika_2016	255	2	26.2185028508369	2.7257517089727	93.0138386538764
rand.52	3	Sardi_Zika_2016	312	0	0	0	89.1279207579425
rand.53	3	Sardi_Zika_2016	541	12	97.3330881000552	4.42798870411045	90.4566168069655
rand.54	3	Sardi_Zika_2016	318	1	98.5194040831341	7.24919137648699	94.4239762455406
rand.55	3	Sardi_Zika_2016	359	1	98.5102078352032	6.74249243106129	89.7948852937008
rand.56	3	Sardi_Zika_2016	234	1	99.4298326282877	8.84894912590847	94.7796573645081
rand.57	3	Sardi_Zika_2016	377	9	85.4975170130587	5.62840537595351	88.1462378835409
rand.58	3	Sardi_Zika_2016	239	1	98.5102078352032	9.85800134360362	92.2644995967372
rand.59	3	Sardi_Zika_2016	534	10	92.2567592422292	4.06102877776473	91.9358309528732
rand.6	3	Sardi_Zika_2016	405	2	7.58690454294648	0.438848461636665	90.1574529698077
rand.60	3	Sardi_Zika_2016	339	4	15.0818466065845	1.06597335066623	89.5939819985546
rand.61	3	Sardi_Zika_2016	299	0	0	0	88.702354876117
rand.62	3	Sardi_Zika_2016	248	1	98.5194040831341	9.43760241027539	90.211184716102
rand.63	3	Sardi_Zika_2016	201	1	98.5286003310649	10.7134643267837	91.8614418026453
rand.64	3	Sardi_Zika_2016	499	4	16.4888725400037	0.794346978557505	89.2406900463097
rand.65	3	Sardi_Zika_2016	311	1	98.5286003310649	7.29146108249001	92.9829326481923
rand.66	3	Sardi_Zika_2016	364	1	4.03715284164061	0.288817689590063	90.9666138822908
rand.67	3	Sardi_Zika_2016	172	1	98.5194040831341	11.1712444472252	93.9977695603686
rand.68	3	Sardi_Zika_2016	279	0	0	0	89.4812667758616
rand.69	3	Sardi_Zika_2016	146	1	98.5286003310649	12.6773395808929	94.9362457485874
rand.7	3	Sardi_Zika_2016	383	11	92.3579179694685	5.78300626497144	90.9699855153067
rand.70	3	Sardi_Zika_2016	496	2	7.53172705536141	0.388473852721451	88.8607944534918
rand.71	3	Sardi_Zika_2016	150	1	98.5194040831341	14.6882198091477	88.7983543062855
rand.72	3	Sardi_Zika_2016	331	7	64.2541842928085	4.75542276096293	92.0008575103616
rand.73	3	Sardi_Zika_2016	334	1	4.03715284164061	0.311327645753108	90.1806928932205
rand.74	3	Sardi_Zika_2016	239	1	98.5286003310649	8.76529877609791	93.1715059452286
rand.75	3	Sardi_Zika_2016	337	6	54.8372264116241	4.06223814811535	92.6420882210924
rand.76	3	Sardi_Zika_2016	315	1	3.00717307338606	0.252133885406306	87.4928497441368
rand.77	3	Sardi_Zika_2016	364	10	89.4978848629759	6.12449104170469	92.9993095172654
rand.78	3	Sardi_Zika_2016	238	1	98.5194040831341	9.75274475174335	91.4912289550402
rand.79	3	Sardi_Zika_2016	395	1	4.70847894059224	0.296858058942559	89.663935427219
rand.8	3	Sardi_Zika_2016	401	10	91.4474894243149	5.82361656896219	91.6012163498312
rand.80	3	Sardi_Zika_2016	138	1	98.5102078352032	16.0100436420159	91.7591999430564
rand.81	3	Sardi_Zika_2016	311	1	98.5194040831341	6.94067417768592	89.5988526712987
rand.82	3	Sardi_Zika_2016	340	1	4.70847894059224	0.360302034439808	86.2554823399792
rand.83	3	Sardi_Zika_2016	482	11	95.8340996873276	4.83111271823686	89.8862556933044
rand.84	3	Sardi_Zika_2016	101	1	98.5194040831341	21.3781130268199	91.187593593746
rand.85	3	Sardi_Zika_2016	204	2	8.03752069155784	0.938614201640964	91.5157954077318
rand.86	3	Sardi_Zika_2016	503	6	20.8938752988781	1.05361275094023	88.4874418255869
rand.87	3	Sardi_Zika_2016	509	10	94.0132425970204	4.54488872291428	91.1676625790015
rand.88	3	Sardi_Zika_2016	418	1	98.5286003310649	5.01012406066019	92.4305750419676
rand.89	3	Sardi_Zika_2016	469	3	11.1826374839066	0.622615908450885	90.6336783640495
rand.9	3	Sardi_Zika_2016	311	0	0	0	88.2684284738273
rand.90	3	Sardi_Zika_2016	417	12	94.8133161670039	5.22390328432018	90.104356007955
rand.91	3	Sardi_Zika_2016	294	1	98.5194040831341	7.82022176639341	92.1720331332457
rand.92	3	Sardi_Zika_2016	319	11	96.339893323524	6.99150421452359	92.492268392615
rand.93	3	Sardi_Zika_2016	196	0	0	0	90.0641259199883
rand.94	3	Sardi_Zika_2016	256	1	98.5194040831341	8.6566199345481	87.7417243148564
rand.95	3	Sardi_Zika_2016	277	1	98.5194040831341	8.17386925471525	89.9036983489958
rand.96	3	Sardi_Zika_2016	463	12	97.2779106124701	5.06310937522437	89.0730797348055
rand.97	3	Sardi_Zika_2016	291	1	98.5194040831341	7.91877947459456	88.0439581610782
rand.98	3	Sardi_Zika_2016	504	7	25.7494942063638	1.22815097484484	89.3816195572529
rand.99	3	Sardi_Zika_2016	319	1	98.5194040831341	6.73871063109758	91.1408028921384
rand.1	3	Sardi_Zika_2016_mock	312	1	98.5194040831341	7.22850106271718	90.8576498996305
rand.10	3	Sardi_Zika_2016_mock	118	1	2.97958432959353	0.782476392880431	85.8578974271597
rand.100	3	Sardi_Zika_2016_mock	226	1	98.5286003310649	10.8607284412412	92.6445670097231
rand.11	3	Sardi_Zika_2016_mock	153	1	98.5194040831341	12.7121057502907	92.727124427346
rand.12	3	Sardi_Zika_2016_mock	274	11	92.4038992091227	9.67316486161252	83.2020633719505
rand.13	3	Sardi_Zika_2016_mock	397	1	3.75206915578444	0.277449100330491	87.5175592924458
rand.14	3	Sardi_Zika_2016_mock	223	1	3.60492918889093	0.482419976125134	85.9679713102084
rand.15	3	Sardi_Zika_2016_mock	409	9	90.5186683832996	6.24559800506348	86.9291263975744
rand.16	3	Sardi_Zika_2016_mock	47	1	98.5194040831341	39.1042487954446	91.3324941557274
rand.17	3	Sardi_Zika_2016_mock	122	1	98.5286003310649	14.2380629642919	88.8262183311381
rand.18	3	Sardi_Zika_2016_mock	235	1	98.5194040831341	8.96260353049444	93.5111241809644
rand.19	3	Sardi_Zika_2016_mock	490	1	3.75206915578444	0.22364742641013	85.1655294414961
rand.2	3	Sardi_Zika_2016_mock	194	1	98.5194040831341	12.6298291736911	83.8415868303873
rand.20	3	Sardi_Zika_2016_mock	166	8	73.4504322236528	12.5785470179694	85.026121419564
rand.21	3	Sardi_Zika_2016_mock	245	1	98.5102078352032	10.5773503302953	88.8914654210974
rand.22	3	Sardi_Zika_2016_mock	168	2	7.75243700570167	1.4293950081389	84.63007242014
rand.23	3	Sardi_Zika_2016_mock	175	0	0	0	83.3862201137328
rand.24	3	Sardi_Zika_2016_mock	361	11	89.8289497884863	7.2009377142478	86.6270525337422
rand.25	3	Sardi_Zika_2016_mock	158	0	0	0	79.2068349459608
rand.26	3	Sardi_Zika_2016_mock	80	0	0	0	81.3495750318296
rand.27	3	Sardi_Zika_2016_mock	311	8	73.5148059591687	6.80317265795207	84.3776824034335
rand.28	3	Sardi_Zika_2016_mock	226	1	98.5194040831341	9.52740919924585	92.1656132349038
rand.29	3	Sardi_Zika_2016_mock	238	8	73.0457973146956	8.78514389364479	84.935310594027
rand.3	3	Sardi_Zika_2016_mock	417	4	16.4428913003495	1.17643188472547	85.8825409295792
rand.30	3	Sardi_Zika_2016_mock	248	8	64.0426705903991	7.35165264391356	88.8631883595593
rand.31	3	Sardi_Zika_2016_mock	55	1	98.5286003310649	34.7248330848512	89.3445878848064
rand.32	3	Sardi_Zika_2016_mock	319	2	7.66967077432408	0.715265866209262	85.2219131696698
rand.33	3	Sardi_Zika_2016_mock	204	2	7.75243700570167	1.17128883454677	81.4984043076663
rand.34	3	Sardi_Zika_2016_mock	190	1	98.5194040831341	10.6859645097902	92.1945499218226
rand.35	3	Sardi_Zika_2016_mock	235	1	98.5194040831341	10.7180374776145	85.8471537427163
rand.36	3	Sardi_Zika_2016_mock	412	1	3.00717307338606	0.216573502530002	84.4120243460484
rand.37	3	Sardi_Zika_2016_mock	326	10	92.1280117711974	8.05752386774014	87.5595951466587
rand.38	3	Sardi_Zika_2016_mock	262	1	98.5286003310649	9.82971852178061	87.0342483872937
rand.39	3	Sardi_Zika_2016_mock	219	1	4.14750781681074	0.565943029238298	87.4935322252931
rand.4	3	Sardi_Zika_2016_mock	166	0	0	0	84.3803621703567
rand.40	3	Sardi_Zika_2016_mock	132	10	88.486297590583	18.3604930733122	81.264023934181
rand.41	3	Sardi_Zika_2016_mock	384	0	0	0	86.2968681388728
rand.42	3	Sardi_Zika_2016_mock	204	1	98.5194040831341	12.3111044714373	88.9536864728855
rand.43	3	Sardi_Zika_2016_mock	271	9	81.0373367665992	8.3999008636303	83.1092471954544
rand.44	3	Sardi_Zika_2016_mock	79	1	98.5102078352032	28.2967032967033	90.9998526377837
rand.45	3	Sardi_Zika_2016_mock	324	2	6.06952363435718	0.570465447945028	86.6797061763811
rand.46	3	Sardi_Zika_2016_mock	195	1	99.4298326282877	10.2335002318912	88.2930378211955
rand.47	3	Sardi_Zika_2016_mock	157	1	98.5194040831341	12.0962005306837	93.5775574166367
rand.48	3	Sardi_Zika_2016_mock	278	1	4.14750781681074	0.450176177595001	86.8587815345125
rand.49	3	Sardi_Zika_2016_mock	262	0	0	0	85.9735472452901
rand.5	3	Sardi_Zika_2016_mock	129	5	49.4758138679419	11.0372558673888	89.6872982197214
rand.50	3	Sardi_Zika_2016_mock	340	9	87.4563178223285	7.34663607499594	88.225485046316
rand.51	3	Sardi_Zika_2016_mock	151	2	26.2185028508369	5.12908158675902	90.6663632571017
rand.52	3	Sardi_Zika_2016_mock	232	0	0	0	85.5427820465766
rand.53	3	Sardi_Zika_2016_mock	591	12	97.3330881000552	4.70525473459589	86.780869208233
rand.54	3	Sardi_Zika_2016_mock	274	1	98.5194040831341	9.26337452118047	90.6314324921857
rand.55	3	Sardi_Zika_2016_mock	299	1	98.5102078352032	8.6894448229988	87.8007178138659
rand.56	3	Sardi_Zika_2016_mock	171	1	99.4298326282877	11.3051297601372	94.6419729799825
rand.57	3	Sardi_Zika_2016_mock	331	9	85.4975170130587	7.37991855656191	87.2137470003428
rand.58	3	Sardi_Zika_2016_mock	158	1	98.5102078352032	15.2812450962211	85.9548386010406
rand.59	3	Sardi_Zika_2016_mock	559	10	92.2567592422292	4.76054894368202	85.9162929745889
rand.6	3	Sardi_Zika_2016_mock	356	2	7.58690454294648	0.636583897899659	85.4759926382083
rand.60	3	Sardi_Zika_2016_mock	273	4	15.0818466065845	1.64847315200129	86.6279663961736
rand.61	3	Sardi_Zika_2016_mock	221	0	0	0	86.9576854758255
rand.62	3	Sardi_Zika_2016_mock	186	1	98.5194040831341	13.1873407437498	88.0962509216721
rand.63	3	Sardi_Zika_2016_mock	134	1	98.5286003310649	16.5319096407851	86.5622804747292
rand.64	3	Sardi_Zika_2016_mock	523	4	16.4888725400037	0.91703235441536	87.2197760789557
rand.65	3	Sardi_Zika_2016_mock	252	1	98.5286003310649	9.86483500294638	92.1200482154167
rand.66	3	Sardi_Zika_2016_mock	292	1	4.03715284164061	0.419758280425304	86.9278409909261
rand.67	3	Sardi_Zika_2016_mock	99	1	98.5194040831341	15.7999528051442	91.8183251300555
rand.68	3	Sardi_Zika_2016_mock	189	0	0	0	83.9939744801512
rand.69	3	Sardi_Zika_2016_mock	99	1	98.5286003310649	15.4987848628631	92.47954257541
rand.7	3	Sardi_Zika_2016_mock	361	11	92.3579179694685	7.44267737775867	88.1532487289323
rand.70	3	Sardi_Zika_2016_mock	488	2	7.53172705536141	0.456305540852996	84.6719577311856
rand.71	3	Sardi_Zika_2016_mock	95	1	98.5194040831341	21.641987030565	83.3917706507167
rand.72	3	Sardi_Zika_2016_mock	288	7	64.2541842928085	6.40868065746991	87.7946235189196
rand.73	3	Sardi_Zika_2016_mock	275	1	4.03715284164061	0.43914052496799	86.5185021451034
rand.74	3	Sardi_Zika_2016_mock	169	1	98.5286003310649	11.4072165497269	91.4516458556166
rand.75	3	Sardi_Zika_2016_mock	275	6	54.8372264116241	5.82273042408382	88.2680463679157
rand.76	3	Sardi_Zika_2016_mock	234	1	3.00717307338606	0.385131792806162	81.8453753295735
rand.77	3	Sardi_Zika_2016_mock	287	10	89.4978848629759	8.89457569803043	87.3077656170059
rand.78	3	Sardi_Zika_2016_mock	165	1	98.5194040831341	14.746651616722	87.0507314237737
rand.79	3	Sardi_Zika_2016_mock	317	1	4.70847894059224	0.445581605834334	84.7290941832614
rand.8	3	Sardi_Zika_2016_mock	349	10	91.4474894243149	7.44016221109889	85.9638344825356
rand.80	3	Sardi_Zika_2016_mock	66	1	98.5102078352032	30.7110091743119	91.7535584243628
rand.81	3	Sardi_Zika_2016_mock	231	1	98.5194040831341	10.9327482396163	86.6253423009499
rand.82	3	Sardi_Zika_2016_mock	247	1	4.70847894059224	0.582135710387484	83.0844007319305
rand.83	3	Sardi_Zika_2016_mock	465	11	95.8340996873276	5.98107132403161	85.0133079383684
rand.84	3	Sardi_Zika_2016_mock	51	1	98.5194040831341	33.7640644205616	86.2961553102398
rand.85	3	Sardi_Zika_2016_mock	127	2	8.03752069155784	1.93585540887747	84.2096941771695
rand.86	3	Sardi_Zika_2016_mock	537	6	20.8938752988781	1.13646595103993	86.2592716270504
rand.87	3	Sardi_Zika_2016_mock	510	10	94.0132425970204	5.23113608219991	88.2501903316901
rand.88	3	Sardi_Zika_2016_mock	379	1	98.5286003310649	6.25237075379758	90.8892278004295
rand.89	3	Sardi_Zika_2016_mock	422	3	11.1826374839066	0.798702109072757	87.538982063285
rand.9	3	Sardi_Zika_2016_mock	229	0	0	0	86.0057100209683
rand.90	3	Sardi_Zika_2016_mock	399	12	94.8133161670039	6.74160242200731	86.9009472658304
rand.91	3	Sardi_Zika_2016_mock	211	1	98.5194040831341	11.3475552919244	90.3590417587669
rand.92	3	Sardi_Zika_2016_mock	258	11	96.339893323524	10.4904768580641	86.257355738035
rand.93	3	Sardi_Zika_2016_mock	131	0	0	0	83.8620391393664
rand.94	3	Sardi_Zika_2016_mock	180	1	98.5194040831341	13.8152040750532	86.8850251376586
rand.95	3	Sardi_Zika_2016_mock	200	1	98.5194040831341	12.4152557104614	86.6412617762252
rand.96	3	Sardi_Zika_2016_mock	476	12	97.2779106124701	5.79845199201877	86.9700320046552
rand.97	3	Sardi_Zika_2016_mock	201	1	98.5194040831341	12.3415971614211	86.449120132473
rand.98	3	Sardi_Zika_2016_mock	502	7	25.7494942063638	1.49837586758638	86.3866267540976
rand.99	3	Sardi_Zika_2016_mock	245	1	98.5194040831341	10.5366170309027	88.0872022075395
rand.1	3	See_sars_2023	644	14	100	11.7660455076539	64.2730227843177
rand.10	3	See_sars_2023	86	1	100	47.5624614313518	51.3548581774291
rand.100	3	See_sars_2023	343	1	100	17.5146514272385	50.0530222693531
rand.11	3	See_sars_2023	528	1	100	11.7470482289374	63.8228624783247
rand.12	3	See_sars_2023	1037	3	100	6.36792549674993	55.2803420677557
rand.13	3	See_sars_2023	691	1	100	9.08699357883594	56.4200685946112
rand.14	3	See_sars_2023	261	1	100	22.271060636486	49.5139314145744
rand.15	3	See_sars_2023	478	11	100	14.84536529334	56.8610783076109
rand.16	3	See_sars_2023	884	6	100	7.63417603328251	58.4628495530379
rand.17	3	See_sars_2023	163	16	100	36.1890015483742	66.8367826168634
rand.18	3	See_sars_2023	584	14	100	12.5506058683529	52.485299835262
rand.19	3	See_sars_2023	689	35	100	13.8449126177628	49.6256025885345
rand.2	3	See_sars_2023	927	9	100	7.91242254352316	88.0983630090283
rand.20	3	See_sars_2023	118	8	100	40.108630054315	78.9338976219266
rand.21	3	See_sars_2023	966	31	100	9.19814432083022	51.9885710134751
rand.22	3	See_sars_2023	400	2	100	15.2112492284222	55.2617249461398
rand.23	3	See_sars_2023	785	4	100	8.92444338028008	81.4943946118167
rand.24	3	See_sars_2023	1564	6	100	4.43753105917752	61.8733366386852
rand.25	3	See_sars_2023	859	5	100	7.81269336818292	56.674998724685
rand.26	3	See_sars_2023	814	1	99.9598702471324	7.75984486021583	57.8731248768681
rand.27	3	See_sars_2023	166	5	100	32.8919116169362	53.6204016013618
rand.28	3	See_sars_2023	337	3	100	17.9066982151725	58.4891292744547
rand.29	3	See_sars_2023	810	7	100	8.31847968545216	56.4753477334782
rand.3	3	See_sars_2023	394	12	100	18.23772536539	63.9119766709916
rand.30	3	See_sars_2023	1014	11	100	6.99193214469441	55.9889738037904
rand.31	3	See_sars_2023	541	2	100	12.0447411883498	55.0191778871397
rand.32	3	See_sars_2023	422	1	100	14.0290598610669	58.6486839669386
rand.33	3	See_sars_2023	462	20	100	16.4150345774165	52.3615540889043
rand.34	3	See_sars_2023	146	1	100	34.1418910442825	63.6270757935202
rand.35	3	See_sars_2023	352	1	99.9699026853493	17.1110322484631	53.4044139988399
rand.36	3	See_sars_2023	1028	5	100	6.74425973874358	59.3542589268349
rand.37	3	See_sars_2023	598	35	100	15.1630230491159	53.6347110244274
rand.38	3	See_sars_2023	603	1	100	10.484015002679	56.7841102921616
rand.39	3	See_sars_2023	506	34	100	17.8986171361072	58.3653745975204
rand.4	3	See_sars_2023	722	24	100	11.2601213139125	59.8200041562095
rand.40	3	See_sars_2023	503	3	100	12.6596382960487	58.760222440301
rand.41	3	See_sars_2023	939	30	100	9.04005746511592	76.1619924534099
rand.42	3	See_sars_2023	284	5	100	22.1493416324167	54.4175248953544
rand.43	3	See_sars_2023	374	2	100	16.2999661837564	49.7184706350122
rand.44	3	See_sars_2023	128	15	100	43.728558382901	56.3586920765806
rand.45	3	See_sars_2023	595	6	100	11.4171356388075	53.4220456165931
rand.46	3	See_sars_2023	222	12	100	28.3206480689901	64.0736452061139
rand.47	3	See_sars_2023	865	2	100	7.31597162682072	55.183304191932
rand.48	3	See_sars_2023	876	34	100	10.3677025319193	55.1162697189422
rand.49	3	See_sars_2023	721	18	100	10.8010814134956	56.0486375565449
rand.5	3	See_sars_2023	1325	1	100	4.72005685372614	56.3593905304991
rand.50	3	See_sars_2023	753	2	100	8.4724873329104	53.7308283028143
rand.51	3	See_sars_2023	706	7	100	9.89993252177913	57.60377485223
rand.52	3	See_sars_2023	888	27	100	9.64628105629866	59.9806541909615
rand.53	3	See_sars_2023	253	3	100	23.5915764176667	53.0907881207282
rand.54	3	See_sars_2023	1207	11	18.2088753636759	0.940928036717794	57.3542623582834
rand.55	3	See_sars_2023	739	1	1.43129451894459	0.132916777948237	60.4239095958057
rand.56	3	See_sars_2023	417	43	100	22.1916983769512	54.8050651862017
rand.57	3	See_sars_2023	634	2	100	10.0998482940517	53.9700221690361
rand.58	3	See_sars_2023	67	3	100	54.070089254826	68.4593077994953
rand.59	3	See_sars_2023	646	2	100	9.81090222403301	58.1757296973652
rand.6	3	See_sars_2023	837	22	100	10.0180121257423	61.3835712452084
rand.60	3	See_sars_2023	982	31	100	9.04925815002978	57.9212870924353
rand.61	3	See_sars_2023	804	20	100	10.0842154183928	56.4139352784263
rand.62	3	See_sars_2023	98	28	100	59.2899881474289	44.0157148870492
rand.63	3	See_sars_2023	186	50	100	48.0557895542962	56.2409007979655
rand.64	3	See_sars_2023	221	2	100	26.5787001676807	55.6796441553472
rand.65	3	See_sars_2023	580	44	100	17.1840908590025	55.5554569929434
rand.66	3	See_sars_2023	369	57	100	27.5098109726544	68.3871106893279
rand.67	3	See_sars_2023	257	2	100	21.7934410885921	67.8683544303798
rand.68	3	See_sars_2023	187	3	100	28.9878925463488	56.0713429416309
rand.69	3	See_sars_2023	965	6	100	7.16969923356991	88.8494579866969
rand.7	3	See_sars_2023	871	43	100	11.0980420985567	57.2348401323043
rand.70	3	See_sars_2023	591	54	100	18.1420465467283	56.8193183943085
rand.71	3	See_sars_2023	641	6	100	10.3530365685559	59.8124484450297
rand.72	3	See_sars_2023	56	7	100	61.0007372261394	53.4632349377151
rand.73	3	See_sars_2023	953	27	100	9.07812263166811	58.478895614377
rand.74	3	See_sars_2023	893	33	100	10.0733201358685	53.9045717708125
rand.75	3	See_sars_2023	834	1	99.7425007524329	7.59588448021189	57.2559352210653
rand.76	3	See_sars_2023	220	10	100	27.0791577068203	66.0253271610434
rand.77	3	See_sars_2023	494	3	100	12.9529853044795	50.902763303944
rand.78	3	See_sars_2023	464	1	100	13.2250641415611	56.118612897654
rand.79	3	See_sars_2023	784	36	100	11.6931453125813	48.9829147037753
rand.8	3	See_sars_2023	259	15	100	25.6711814108515	63.5922902940309
rand.80	3	See_sars_2023	245	6	100	24.1128728518784	69.557601354639
rand.81	3	See_sars_2023	375	1	100	16.4949417198153	54.2175020904799
rand.82	3	See_sars_2023	609	9	100	11.116655259955	53.3132804321109
rand.83	3	See_sars_2023	214	1	100	25.5987614192356	52.2274979593245
rand.84	3	See_sars_2023	395	1	100	15.5103400558645	52.3991216363769
rand.85	3	See_sars_2023	355	1	100	16.9557560210432	51.6014647418631
rand.86	3	See_sars_2023	127	34	100	54.4139858027488	71.1946768270797
rand.87	3	See_sars_2023	58	1	100	58.4391234717394	51.8796992481203
rand.88	3	See_sars_2023	418	3	100	15.2281911633539	51.3966119229277
rand.89	3	See_sars_2023	732	17	100	10.4806516839611	59.0122290215165
rand.9	3	See_sars_2023	718	47	100	14.3086117489621	59.224345073097
rand.90	3	See_sars_2023	367	5	100	17.6546013240245	53.7909604132226
rand.91	3	See_sars_2023	308	1	100	17.5488102501525	52.4487167628413
rand.92	3	See_sars_2023	414	2	100	14.8169398103196	57.3056929196866
rand.93	3	See_sars_2023	188	1	100	28.913628602024	50.8264799283446
rand.94	3	See_sars_2023	73	1	99.8562017188911	51.4960765715271	50.8586666666667
rand.95	3	See_sars_2023	354	20	100	21.1134429819559	53.9168341454246
rand.96	3	See_sars_2023	444	35	100	20.7136721813497	51.8469890016721
rand.97	3	See_sars_2023	133	6	100	37.2231886783582	89.7955362492511
rand.98	3	See_sars_2023	1382	1	100	4.88765501130541	77.2078067876615
rand.99	3	See_sars_2023	177	2	100	30.1488968590371	73.0087556756298
rand.1	3	See_sars_2023_mock	92	14	100	55.1756694010215	88.4568903007493
rand.10	3	See_sars_2023_mock	15	1	100	85.5406943653956	49.8720724266877
rand.100	3	See_sars_2023_mock	41	1	100	60.2955051894084	85.5293760744261
rand.11	3	See_sars_2023_mock	105	1	100	42.316173352557	94.3982944938616
rand.12	3	See_sars_2023_mock	119	5	100	43.8925115255223	83.344437041972
rand.13	3	See_sars_2023_mock	87	1	100	47.8203961755176	77.4212297338636
rand.14	3	See_sars_2023_mock	23	1	100	80.0518619509717	77.1374966496918
rand.15	3	See_sars_2023_mock	56	12	100	68.4190725119797	78.832528685184
rand.16	3	See_sars_2023_mock	104	6	100	46.8112244897959	88.2412252016569
rand.17	3	See_sars_2023_mock	34	16	100	84.4984022578313	74.2401444477882
rand.18	3	See_sars_2023_mock	99	14	100	53.0844613126566	80.2780850055301
rand.19	3	See_sars_2023_mock	86	36	100	70.5937524839043	74.4891339604281
rand.2	3	See_sars_2023_mock	807	9	100	9.67267186674862	90.0716900841496
rand.20	3	See_sars_2023_mock	70	8	100	59.4273655596688	85.9346762463085
rand.21	3	See_sars_2023_mock	161	32	100	47.945750987018	83.3424406023912
rand.22	3	See_sars_2023_mock	24	2	100	79.8351199726078	77.7037617554859
rand.23	3	See_sars_2023_mock	579	4	100	12.4615415232144	91.792157718609
rand.24	3	See_sars_2023_mock	716	6	100	10.6416740401663	73.4390757223659
rand.25	3	See_sars_2023_mock	118	5	100	43.8884331419196	86.4134205570423
rand.26	3	See_sars_2023_mock	145	1	99.9598702471324	36.2187837002751	85.4667730536874
rand.27	3	See_sars_2023_mock	12	5	100	92.5092964450394	83.9952343129468
rand.28	3	See_sars_2023_mock	46	3	100	66.0645773160322	93.2990345528455
rand.29	3	See_sars_2023_mock	91	7	100	50.0749506903353	91.570796460177
rand.3	3	See_sars_2023_mock	262	12	100	27.5713956793407	83.0870585140201
rand.30	3	See_sars_2023_mock	290	11	100	23.8088456252537	67.703465550114
rand.31	3	See_sars_2023_mock	64	2	100	57.8779102568925	77.7078310563443
rand.32	3	See_sars_2023_mock	26	1	100	76.5028717294193	92.5258011950027
rand.33	3	See_sars_2023_mock	76	20	100	65.1215553500061	83.5876907680761
rand.34	3	See_sars_2023_mock	31	2	100	73.5556850179629	70.6443914081146
rand.35	3	See_sars_2023_mock	53	1	99.9699026853493	56.7938293183373	90.4889631518776
rand.36	3	See_sars_2023_mock	316	5	100	21.1571664007115	84.8154814734939
rand.37	3	See_sars_2023_mock	77	35	100	73.657804020615	83.9984451930552
rand.38	3	See_sars_2023_mock	39	2	100	69.1415154554573	94.7698899312994
rand.39	3	See_sars_2023_mock	80	34	100	72.6686401296532	86.972832334967
rand.4	3	See_sars_2023_mock	109	24	100	55.635145364322	91.3899333312269
rand.40	3	See_sars_2023_mock	34	5	100	74.6748834266701	90.6550703182828
rand.41	3	See_sars_2023_mock	756	30	100	12.2067706966748	83.5714189770041
rand.42	3	See_sars_2023_mock	30	7	100	77.5293780452852	92.8571428571429
rand.43	3	See_sars_2023_mock	60	2	100	57.8937334375536	67.7035225934981
rand.44	3	See_sars_2023_mock	32	15	100	83.7330749781422	85.6333527019175
rand.45	3	See_sars_2023_mock	134	6	100	40.793143668543	68.3790149892934
rand.46	3	See_sars_2023_mock	40	12	100	76.716055489354	74.9517188103515
rand.47	3	See_sars_2023_mock	93	4	100	49.3823038397329	91.1672320643297
rand.48	3	See_sars_2023_mock	136	34	100	54.6789665091172	81.6501705530392
rand.49	3	See_sars_2023_mock	99	18	100	55.8095266644684	78.0280161448971
rand.5	3	See_sars_2023_mock	226	2	100	27.2361871467485	79.8090406916483
rand.50	3	See_sars_2023_mock	90	3	100	49.3927125506073	75.9458167330677
rand.51	3	See_sars_2023_mock	143	7	100	39.7292046144505	73.7372312775774
rand.52	3	See_sars_2023_mock	120	27	100	54.7620367547191	81.4926013296161
rand.53	3	See_sars_2023_mock	35	4	100	72.6392812485528	75.9817197020988
rand.54	3	See_sars_2023_mock	242	11	18.2088753636759	5.05876341338784	71.922888736667
rand.55	3	See_sars_2023_mock	290	2	2.82914757716617	0.737885078323972	83.9507583079978
rand.56	3	See_sars_2023_mock	115	43	100	62.1974942525608	81.1328223397747
rand.57	3	See_sars_2023_mock	84	2	100	50.4207504207504	73.7353567625133
rand.58	3	See_sars_2023_mock	32	4	100	75.3947274415946	83.9624467673248
rand.59	3	See_sars_2023_mock	63	2	100	56.8470949731137	91.0472386245224
rand.6	3	See_sars_2023_mock	328	22	100	23.651927743327	85.5542268272912
rand.60	3	See_sars_2023_mock	137	31	100	52.2363979348689	82.2688769942317
rand.61	3	See_sars_2023_mock	93	20	100	58.9102654121612	89.7508923824713
rand.62	3	See_sars_2023_mock	54	28	100	81.6258724073528	80.836721592125
rand.63	3	See_sars_2023_mock	84	50	100	79.8781166961032	85.8295113079235
rand.64	3	See_sars_2023_mock	22	3	100	82.2823630689767	74.0662010324932
rand.65	3	See_sars_2023_mock	145	44	100	55.7066479322704	78.6063766869187
rand.66	3	See_sars_2023_mock	102	57	100	75.1955211761186	82.6900987824489
rand.67	3	See_sars_2023_mock	40	2	100	67.8182551418201	92.6134781397939
rand.68	3	See_sars_2023_mock	89	3	100	47.1709149119567	81.0354874424567
rand.69	3	See_sars_2023_mock	819	6	100	9.07129028584444	90.1455328795346
rand.7	3	See_sars_2023_mock	120	44	100	63.3694357497022	88.4414700544465
rand.70	3	See_sars_2023_mock	93	54	100	77.9746331910466	81.3559322033898
rand.71	3	See_sars_2023_mock	147	6	100	36.6840581042567	71.7596878119612
rand.72	3	See_sars_2023_mock	24	7	100	81.4569870759289	80.029948271168
rand.73	3	See_sars_2023_mock	157	27	100	46.450648965533	88.3836340014057
rand.74	3	See_sars_2023_mock	120	33	100	57.7201091801885	81.4274128142741
rand.75	3	See_sars_2023_mock	109	1	99.7425007524329	43.6684675187772	77.2059779077323
rand.76	3	See_sars_2023_mock	84	10	100	52.6356466876972	73.7686902660761
rand.77	3	See_sars_2023_mock	65	3	100	58.1329293694376	74.6675712347354
rand.78	3	See_sars_2023_mock	34	1	100	71.6965800731305	86.8107742970531
rand.79	3	See_sars_2023_mock	112	36	100	60.9168343106622	79.1370058044026
rand.8	3	See_sars_2023_mock	45	15	100	76.3035543582167	80.1962042724856
rand.80	3	See_sars_2023_mock	77	7	100	48.6860549186254	88.1128331943526
rand.81	3	See_sars_2023_mock	77	1	100	51.0829218457347	58.2199171568798
rand.82	3	See_sars_2023_mock	54	9	100	67.5911690547937	84.1176470588235
rand.83	3	See_sars_2023_mock	17	1	100	79.7798037961186	95.9525379037574
rand.84	3	See_sars_2023_mock	65	3	100	56.4680603102921	77.1187149669539
rand.85	3	See_sars_2023_mock	23	3	100	80.9643262654802	70.9945900957137
rand.86	3	See_sars_2023_mock	64	34	100	78.7830745681172	91.7375246929486
rand.87	3	See_sars_2023_mock	7	1	100	93.855274301308	48.4430832057172
rand.88	3	See_sars_2023_mock	62	4	100	59.8095274890855	70.310021629416
rand.89	3	See_sars_2023_mock	63	17	100	69.1005978188208	82.2969464705155
rand.9	3	See_sars_2023_mock	128	49	100	63.2356429380914	80.5476898813578
rand.90	3	See_sars_2023_mock	60	6	100	62.4098195402526	80.1556420233463
rand.91	3	See_sars_2023_mock	54	1	100	60.6902288589515	68.7483870967742
rand.92	3	See_sars_2023_mock	126	2	100	38.1989658529185	72.3713280418951
rand.93	3	See_sars_2023_mock	12	1	100	88.5929648241206	72.1171287898419
rand.94	3	See_sars_2023_mock	3	1	99.8562017188911	97.7030299064197	100
rand.95	3	See_sars_2023_mock	76	20	100	64.0087138436003	82.1155786136331
rand.96	3	See_sars_2023_mock	90	35	100	69.8024163100931	73.6820170868931
rand.97	3	See_sars_2023_mock	80	6	100	52.4504364244663	97.6975861228186
rand.98	3	See_sars_2023_mock	890	1	100	7.99296197064822	89.4608588821956
rand.99	3	See_sars_2023_mock	21	2	100	82.1394923147326	100
rand.1	3	Gabor_WNV_2025	1426	1	100	2.01054374442433	0
rand.10	3	Gabor_WNV_2025	994	1	100	2.95819622971812	0
rand.100	3	Gabor_WNV_2025	3401	1	100	0.876468439641618	0
rand.11	3	Gabor_WNV_2025	980	3	42.0230186207542	1.17354084789698	0
rand.12	3	Gabor_WNV_2025	2377	1	100	1.24273598907724	0
rand.13	3	Gabor_WNV_2025	1390	8	74.6140170300365	1.55809441184574	0
rand.14	3	Gabor_WNV_2025	2128	1	100	1.35507727034225	0
rand.15	3	Gabor_WNV_2025	1989	1	100	1.46130180814725	0
rand.16	3	Gabor_WNV_2025	722	11	91.559839056798	3.63183544092375	0
rand.17	3	Gabor_WNV_2025	1186	3	100	2.35399238957958	0
rand.18	3	Gabor_WNV_2025	4479	1	100	0.64940278032524	0
rand.19	3	Gabor_WNV_2025	365	1	100	7.69905345211581	0
rand.2	3	Gabor_WNV_2025	1537	5	80.0318143538879	1.49499222177553	0
rand.20	3	Gabor_WNV_2025	3638	6	68.1201459717414	0.532765440501151	0
rand.21	3	Gabor_WNV_2025	1151	4	96.9495648919248	2.37651241470268	0
rand.22	3	Gabor_WNV_2025	2902	1	100	1.02898550724638	0
rand.23	3	Gabor_WNV_2025	1560	5	32.8155703190793	0.603010409538122	0
rand.24	3	Gabor_WNV_2025	1919	1	100	1.52685998167657	0
rand.25	3	Gabor_WNV_2025	667	1	100	4.18629307080651	0
rand.26	3	Gabor_WNV_2025	898	1	100	3.21759776207995	0
rand.27	3	Gabor_WNV_2025	1811	1	100	1.62573924173649	0
rand.28	3	Gabor_WNV_2025	3021	7	83.3816786750257	0.795084768295828	0
rand.29	3	Gabor_WNV_2025	956	1	100	3.06978224988899	0
rand.3	3	Gabor_WNV_2025	1249	1	100	2.34536170357867	0
rand.30	3	Gabor_WNV_2025	454	6	100	6.06180115425848	0
rand.31	3	Gabor_WNV_2025	2397	1	100	1.24923847791415	0
rand.32	3	Gabor_WNV_2025	1200	1	100	2.41626377215184	0
rand.33	3	Gabor_WNV_2025	1627	1	100	1.8161171176781	0
rand.34	3	Gabor_WNV_2025	1354	1	100	2.21072332040548	0
rand.35	3	Gabor_WNV_2025	2488	1	100	1.20011482479433	0
rand.36	3	Gabor_WNV_2025	613	1	100	4.63396494312131	0
rand.37	3	Gabor_WNV_2025	2151	7	96.8279217741181	1.31129260148642	0
rand.38	3	Gabor_WNV_2025	26	1	100	52.0073769328983	0
rand.39	3	Gabor_WNV_2025	2394	7	87.8824740338729	1.05963134035693	0
rand.4	3	Gabor_WNV_2025	1692	1	100	1.73800896640668	0
rand.40	3	Gabor_WNV_2025	2304	1	100	1.26122718023672	0
rand.41	3	Gabor_WNV_2025	1738	1	100	1.67433722566658	0
rand.42	3	Gabor_WNV_2025	2494	1	8.17816038177225	0.0946529733921178	0
rand.43	3	Gabor_WNV_2025	583	1	100	4.85535091206219	0
rand.44	3	Gabor_WNV_2025	681	1	100	4.15681445612021	0
rand.45	3	Gabor_WNV_2025	2957	3	11.3783100963788	0.109110159986361	0
rand.46	3	Gabor_WNV_2025	1573	9	100	1.86877950759892	0
rand.47	3	Gabor_WNV_2025	1482	7	38.476653878544	0.748217252303152	0
rand.48	3	Gabor_WNV_2025	880	1	100	3.26184289719763	0
rand.49	3	Gabor_WNV_2025	1599	0	0	0	0
rand.5	3	Gabor_WNV_2025	2054	9	51.0713951529896	0.710777961976374	0
rand.50	3	Gabor_WNV_2025	2497	4	97.6139234584074	1.1328663734593	0
rand.51	3	Gabor_WNV_2025	2461	8	91.4569102648077	1.07271031114526	0
rand.52	3	Gabor_WNV_2025	1170	1	100	2.49204761926309	0
rand.53	3	Gabor_WNV_2025	2290	6	43.6698792925985	0.549345129285027	0
rand.54	3	Gabor_WNV_2025	1090	1	100	2.63412980365192	0
rand.55	3	Gabor_WNV_2025	1897	3	15.5890334050716	0.235932890829348	0
rand.56	3	Gabor_WNV_2025	1139	1	100	2.49798365446349	0
rand.57	3	Gabor_WNV_2025	3401	7	76.8035931505568	0.663598225553868	0
rand.58	3	Gabor_WNV_2025	3081	7	51.997754280902	0.482970446415224	0
rand.59	3	Gabor_WNV_2025	755	4	59.0624122765977	2.26869190790088	0
rand.6	3	Gabor_WNV_2025	3661	6	45.8500982502105	0.361890694239291	0
rand.60	3	Gabor_WNV_2025	3325	8	84.345466454571	0.712161577089476	0
rand.61	3	Gabor_WNV_2025	11	1	100	70.2242551299155	0
rand.62	3	Gabor_WNV_2025	1041	3	100	2.89393249658581	0
rand.63	3	Gabor_WNV_2025	1079	1	100	2.74593830473959	0
rand.64	3	Gabor_WNV_2025	479	2	100	5.87185802703044	0
rand.65	3	Gabor_WNV_2025	3715	3	29.8306353513615	0.231120004059824	0
rand.66	3	Gabor_WNV_2025	1417	8	76.6445213811172	1.57675086527837	0
rand.67	3	Gabor_WNV_2025	19	1	100	58.0405973916702	0
rand.68	3	Gabor_WNV_2025	375	1	100	7.12121699417875	0
rand.69	3	Gabor_WNV_2025	2673	6	40.0299429213063	0.429377102095999	0
rand.7	3	Gabor_WNV_2025	2205	3	100	1.32632545626531	0
rand.70	3	Gabor_WNV_2025	2239	7	57.714980817816	0.746591136045899	0
rand.71	3	Gabor_WNV_2025	1659	7	43.6885936184149	0.772284433564352	0
rand.72	3	Gabor_WNV_2025	174	3	100	15.9908583606741	0
rand.73	3	Gabor_WNV_2025	1201	1	100	2.4656776599256	0
rand.74	3	Gabor_WNV_2025	1257	9	100	2.24492081997071	0
rand.75	3	Gabor_WNV_2025	1120	7	69.7108636661364	1.75365088930108	0
rand.76	3	Gabor_WNV_2025	2436	7	87.3023299335641	1.01083533134922	0
rand.77	3	Gabor_WNV_2025	711	5	100	4.312211485976	0
rand.78	3	Gabor_WNV_2025	709	12	72.9858706840086	2.94754503508712	0
rand.79	3	Gabor_WNV_2025	1059	3	100	2.72415916840666	0
rand.8	3	Gabor_WNV_2025	1592	3	14.8685318611397	0.266835937040825	0
rand.80	3	Gabor_WNV_2025	3649	7	59.0811266024141	0.47716932936322	0
rand.81	3	Gabor_WNV_2025	1289	7	42.0885187611116	0.940168260437895	0
rand.82	3	Gabor_WNV_2025	2610	7	54.4961167773931	0.591444967894003	0
rand.83	3	Gabor_WNV_2025	973	5	100	3.23265652820203	0
rand.84	3	Gabor_WNV_2025	1060	3	12.0145971741368	0.317747064427919	0
rand.85	3	Gabor_WNV_2025	879	1	100	3.27656132887373	0
rand.86	3	Gabor_WNV_2025	2907	3	96.6688500046786	0.944191181577899	0
rand.87	3	Gabor_WNV_2025	1995	1	100	1.44017983142122	0
rand.88	3	Gabor_WNV_2025	183	2	100	14.3059399752554	0
rand.89	3	Gabor_WNV_2025	1762	12	74.7543744736596	1.22398702013014	0
rand.9	3	Gabor_WNV_2025	1779	3	30.3733508000374	0.492856166775482	0
rand.90	3	Gabor_WNV_2025	1385	1	100	2.05854650241068	0
rand.91	3	Gabor_WNV_2025	1668	1	100	1.75396922821847	0
rand.92	3	Gabor_WNV_2025	580	1	100	4.76204971212885	0
rand.93	3	Gabor_WNV_2025	1681	1	100	1.73000456089262	0
rand.94	3	Gabor_WNV_2025	984	1	100	2.9950782173173	0
rand.95	3	Gabor_WNV_2025	1913	4	54.7955459904557	0.813184249554248	0
rand.96	3	Gabor_WNV_2025	1054	5	57.5184803967437	1.58336016485286	0
rand.97	3	Gabor_WNV_2025	2947	8	67.6148591746982	0.660432196480863	0
rand.98	3	Gabor_WNV_2025	2102	8	95.9764199494713	1.29275304597926	0
rand.99	3	Gabor_WNV_2025	1153	1	100	2.527157929564	0
rand.1	3	Gabor_WNV_2025_mock	423	1	100	6.7315256403953	0
rand.10	3	Gabor_WNV_2025_mock	134	1	100	18.7221091866569	0
rand.100	3	Gabor_WNV_2025_mock	1281	1	100	2.33391593701158	0
rand.11	3	Gabor_WNV_2025_mock	255	3	42.0230186207542	4.55601432440932	0
rand.12	3	Gabor_WNV_2025_mock	659	1	100	4.51293815831668	0
rand.13	3	Gabor_WNV_2025_mock	302	8	74.6140170300365	6.99400063151247	0
rand.14	3	Gabor_WNV_2025_mock	579	1	100	4.91200997653898	0
rand.15	3	Gabor_WNV_2025_mock	678	1	100	4.23012488577521	0
rand.16	3	Gabor_WNV_2025_mock	130	11	91.559839056798	18.0601698043558	0
rand.17	3	Gabor_WNV_2025_mock	305	3	100	8.79352160151272	0
rand.18	3	Gabor_WNV_2025_mock	1373	1	100	2.13694826356081	0
rand.19	3	Gabor_WNV_2025_mock	159	1	100	16.3007279478943	0
rand.2	3	Gabor_WNV_2025_mock	299	5	80.0318143538879	7.33413937694544	0
rand.20	3	Gabor_WNV_2025_mock	1265	6	68.1201459717414	1.54120065458687	0
rand.21	3	Gabor_WNV_2025_mock	338	4	96.9495648919248	8.04125791630448	0
rand.22	3	Gabor_WNV_2025_mock	745	1	100	3.92013678623589	0
rand.23	3	Gabor_WNV_2025_mock	436	5	32.8155703190793	2.19911834605231	0
rand.24	3	Gabor_WNV_2025_mock	412	1	100	6.79699509099023	0
rand.25	3	Gabor_WNV_2025_mock	799	1	100	3.39396171969732	0
rand.26	3	Gabor_WNV_2025_mock	194	1	100	13.2865775232363	0
rand.27	3	Gabor_WNV_2025_mock	497	1	100	5.78901279765359	0
rand.28	3	Gabor_WNV_2025_mock	998	7	83.3816786750257	2.38534369453895	0
rand.29	3	Gabor_WNV_2025_mock	266	1	100	10.4065286955863	0
rand.3	3	Gabor_WNV_2025_mock	364	1	100	7.78046435338367	0
rand.30	3	Gabor_WNV_2025_mock	107	6	100	23.3473107697574	0
rand.31	3	Gabor_WNV_2025_mock	702	1	100	4.29740389709778	0
rand.32	3	Gabor_WNV_2025_mock	226	1	100	11.7979162401819	0
rand.33	3	Gabor_WNV_2025_mock	483	1	100	5.91146930655046	0
rand.34	3	Gabor_WNV_2025_mock	338	1	100	8.31270971562182	0
rand.35	3	Gabor_WNV_2025_mock	534	1	100	5.2826052620243	0
rand.36	3	Gabor_WNV_2025_mock	177	1	100	14.6041977413169	0
rand.37	3	Gabor_WNV_2025_mock	2092	7	96.8279217741181	1.34539350939942	0
rand.38	3	Gabor_WNV_2025_mock	11	1	100	75.5253399258344	0
rand.39	3	Gabor_WNV_2025_mock	2360	7	87.8824740338729	1.07312859490081	0
rand.4	3	Gabor_WNV_2025_mock	507	1	100	5.64350360484737	0
rand.40	3	Gabor_WNV_2025_mock	702	1	100	4.07410561865157	0
rand.41	3	Gabor_WNV_2025_mock	444	1	100	6.25124258002215	0
rand.42	3	Gabor_WNV_2025_mock	743	1	8.17816038177225	0.320814001292066	0
rand.43	3	Gabor_WNV_2025_mock	125	1	100	19.2044303134062	0
rand.44	3	Gabor_WNV_2025_mock	184	1	100	14.136159280668	0
rand.45	3	Gabor_WNV_2025_mock	846	3	11.3783100963788	0.393967374576793	0
rand.46	3	Gabor_WNV_2025_mock	460	9	100	6.29093074022624	0
rand.47	3	Gabor_WNV_2025_mock	385	7	38.476653878544	2.89652937737298	0
rand.48	3	Gabor_WNV_2025_mock	248	1	100	10.900492533506	0
rand.49	3	Gabor_WNV_2025_mock	455	0	0	0	0
rand.5	3	Gabor_WNV_2025_mock	585	9	51.0713951529896	2.49941613126285	0
rand.50	3	Gabor_WNV_2025_mock	756	4	97.6139234584074	3.68274454842957	0
rand.51	3	Gabor_WNV_2025_mock	621	8	91.4569102648077	4.22323426981342	0
rand.52	3	Gabor_WNV_2025_mock	216	1	100	12.2559109874826	0
rand.53	3	Gabor_WNV_2025_mock	593	6	43.6698792925985	2.12846496948911	0
rand.54	3	Gabor_WNV_2025_mock	348	1	100	7.96969018398261	0
rand.55	3	Gabor_WNV_2025_mock	653	3	15.5890334050716	0.697637412795323	0
rand.56	3	Gabor_WNV_2025_mock	362	1	100	7.68408993470667	0
rand.57	3	Gabor_WNV_2025_mock	1210	7	76.8035931505568	1.92172168281759	0
rand.58	3	Gabor_WNV_2025_mock	1117	7	51.997754280902	1.34546845642784	0
rand.59	3	Gabor_WNV_2025_mock	144	4	59.0624122765977	11.2501336755427	0
rand.6	3	Gabor_WNV_2025_mock	1288	6	45.8500982502105	1.04187929509424	0
rand.60	3	Gabor_WNV_2025_mock	962	8	84.345466454571	2.51486347365866	0
rand.61	3	Gabor_WNV_2025_mock	5	1	100	81.724086943664	0
rand.62	3	Gabor_WNV_2025_mock	207	3	100	13.1069170990326	0
rand.63	3	Gabor_WNV_2025_mock	434	1	100	6.6813390339088	0
rand.64	3	Gabor_WNV_2025_mock	91	2	100	26.0476735227512	0
rand.65	3	Gabor_WNV_2025_mock	1014	3	29.8306353513615	0.849320250746619	0
rand.66	3	Gabor_WNV_2025_mock	541	8	76.6445213811172	4.10751447985357	0
rand.67	3	Gabor_WNV_2025_mock	7	1	100	80.91642228739	0
rand.68	3	Gabor_WNV_2025_mock	66	1	100	31.9334275577605	0
rand.69	3	Gabor_WNV_2025_mock	752	6	40.0299429213063	1.56001575331476	0
rand.7	3	Gabor_WNV_2025_mock	638	3	100	4.55136380466532	0
rand.70	3	Gabor_WNV_2025_mock	621	7	57.714980817816	2.74113840793544	0
rand.71	3	Gabor_WNV_2025_mock	425	7	43.6885936184149	3.00456250764172	0
rand.72	3	Gabor_WNV_2025_mock	60	3	100	36.3494390617032	0
rand.73	3	Gabor_WNV_2025_mock	142	1	100	17.6020123863654	0
rand.74	3	Gabor_WNV_2025_mock	392	9	100	7.00616324839445	0
rand.75	3	Gabor_WNV_2025_mock	261	7	69.7108636661364	7.38193852678306	0
rand.76	3	Gabor_WNV_2025_mock	639	7	87.3023299335641	3.89343749217557	0
rand.77	3	Gabor_WNV_2025_mock	290	5	100	10.2983579950619	0
rand.78	3	Gabor_WNV_2025_mock	125	12	72.9858706840086	15.9073296080271	0
rand.79	3	Gabor_WNV_2025_mock	1140	3	100	2.50907958908374	0
rand.8	3	Gabor_WNV_2025_mock	530	3	14.8685318611397	0.82497884336824	0
rand.80	3	Gabor_WNV_2025_mock	1314	7	59.0811266024141	1.35845711630149	0
rand.81	3	Gabor_WNV_2025_mock	511	7	42.0885187611116	2.39577729604201	0
rand.82	3	Gabor_WNV_2025_mock	901	7	54.4961167773931	1.74385876660319	0
rand.83	3	Gabor_WNV_2025_mock	241	5	100	12.3274018396628	0
rand.84	3	Gabor_WNV_2025_mock	353	3	12.0145971741368	0.975772866826762	0
rand.85	3	Gabor_WNV_2025_mock	268	1	100	10.0405799206558	0
rand.86	3	Gabor_WNV_2025_mock	980	3	96.6688500046786	2.79300006218082	0
rand.87	3	Gabor_WNV_2025_mock	551	1	100	5.16418615639027	0
rand.88	3	Gabor_WNV_2025_mock	50	2	100	39.9060698783178	0
rand.89	3	Gabor_WNV_2025_mock	621	12	74.7543744736596	3.45688521185267	0
rand.9	3	Gabor_WNV_2025_mock	294	3	30.3733508000374	2.94678359387766	0
rand.90	3	Gabor_WNV_2025_mock	311	1	100	9.00178616577902	0
rand.91	3	Gabor_WNV_2025_mock	431	1	100	6.57605317266772	0
rand.92	3	Gabor_WNV_2025_mock	182	1	100	14.0696867692782	0
rand.93	3	Gabor_WNV_2025_mock	344	1	100	8.21243099266402	0
rand.94	3	Gabor_WNV_2025_mock	123	1	100	20.1807888970051	0
rand.95	3	Gabor_WNV_2025_mock	521	4	54.7955459904557	2.98723690788333	0
rand.96	3	Gabor_WNV_2025_mock	170	5	57.5184803967437	9.28059183211293	0
rand.97	3	Gabor_WNV_2025_mock	1164	8	67.6148591746982	1.68548236611308	0
rand.98	3	Gabor_WNV_2025_mock	769	8	95.9764199494713	3.5389344898614	0
rand.99	3	Gabor_WNV_2025_mock	278	1	100	10.1199786541045	0
rand.1	3	Pavels_SARS2_2021	1537	1	100	2.269542779847	86.3382173230691
rand.10	3	Pavels_SARS2_2021	126	1	99.8762665953249	17.4466220755323	86.7639878572591
rand.100	3	Pavels_SARS2_2021	1778	1	99.9832792696385	1.36443728257105	86.2503498994834
rand.11	3	Pavels_SARS2_2021	282	1	100	11.2780115471181	83.8522201341371
rand.12	3	Pavels_SARS2_2021	1524	2	100	2.78623483396467	81.8940392286335
rand.13	3	Pavels_SARS2_2021	717	1	100	4.49512956293722	60.1061763766997
rand.14	3	Pavels_SARS2_2021	319	1	99.7358124602883	9.07895377721494	97.3951358011464
rand.15	3	Pavels_SARS2_2021	954	11	100	4.28019803485373	78.7795968606483
rand.16	3	Pavels_SARS2_2021	1464	29	100	2.16750521320026	78.6542895558024
rand.17	3	Pavels_SARS2_2021	3413	1	99.966558539277	1.06341349577843	71.7060466735152
rand.18	3	Pavels_SARS2_2021	267	1	100	14.3572861379582	77.9966828043751
rand.19	3	Pavels_SARS2_2021	819	13	91.8235628532254	4.60288430429528	75.6677871867098
rand.2	3	Pavels_SARS2_2021	357	1	99.9297729324817	8.8827190953788	77.2497422714045
rand.20	3	Pavels_SARS2_2021	251	20	73.5912784670434	5.57986926381021	90.9991513953638
rand.21	3	Pavels_SARS2_2021	257	1	99.8829548874695	9.40887397816945	85.4525918275801
rand.22	3	Pavels_SARS2_2021	2477	1	100	1.33466176343295	83.1493640249823
rand.23	3	Pavels_SARS2_2021	379	1	100	5.40970837994279	73.872324816305
rand.24	3	Pavels_SARS2_2021	1902	125	100	7.52957421970409	30.0647654384666
rand.25	3	Pavels_SARS2_2021	3796	1	99.9933117078554	1.48390954906043	19.1232342323917
rand.26	3	Pavels_SARS2_2021	457	1	100	8.20121359820119	42.2281481305115
rand.27	3	Pavels_SARS2_2021	2163	1	100	1.95512017046345	56.0783021223471
rand.28	3	Pavels_SARS2_2021	239	1	100	11.5882300635199	80.1351203620701
rand.29	3	Pavels_SARS2_2021	981	1	99.7224358759991	3.43468455497684	87.6819874472496
rand.3	3	Pavels_SARS2_2021	560	139	100	18.4122380219024	87.2873095956029
rand.30	3	Pavels_SARS2_2021	2744	2	100	1.52141606098139	67.7883549582691
rand.31	3	Pavels_SARS2_2021	1561	1	100	2.13817541316303	84.3074320375868
rand.32	3	Pavels_SARS2_2021	1159	1	100	3.92491043481787	44.5038936992866
rand.33	3	Pavels_SARS2_2021	2506	5	100	1.96913516828712	38.8321339422387
rand.34	3	Pavels_SARS2_2021	821	11	97.9099087048122	3.87783456885944	78.0162346654615
rand.35	3	Pavels_SARS2_2021	2162	3	100	1.91819896407536	52.8889430977977
rand.36	3	Pavels_SARS2_2021	274	3	100	12.1319619700649	87.7758108364418
rand.37	3	Pavels_SARS2_2021	513	30	100	8.21362200806312	86.6121294730972
rand.38	3	Pavels_SARS2_2021	1938	39	100	3.7557908532857	42.6019712945809
rand.39	3	Pavels_SARS2_2021	2886	4	100	1.45531215838219	82.9576373014271
rand.4	3	Pavels_SARS2_2021	266	1	100	13.2147400784535	88.6577997668748
rand.40	3	Pavels_SARS2_2021	1705	3	100	1.77074286219985	87.7352590079749
rand.41	3	Pavels_SARS2_2021	850	2	100	2.93893037179357	93.4565882002443
rand.42	3	Pavels_SARS2_2021	1305	1	100	3.54555874672701	41.8070993628147
rand.43	3	Pavels_SARS2_2021	938	1	100	3.32043545602416	85.3909060945681
rand.44	3	Pavels_SARS2_2021	148	1	99.9431495167709	26.0830860534125	67.1771317920986
rand.45	3	Pavels_SARS2_2021	1239	29	100	3.81995781618506	78.6443496408217
rand.46	3	Pavels_SARS2_2021	335	28	100	9.09949177666408	95.2233967172379
rand.47	3	Pavels_SARS2_2021	180	1	99.9264287864094	20.530279087024	83.0052306229196
rand.48	3	Pavels_SARS2_2021	334	1	100	10.6089677780217	85.4382004673082
rand.49	3	Pavels_SARS2_2021	2011	4	100	2.65686104537306	26.123721687618
rand.5	3	Pavels_SARS2_2021	491	1	100	5.93270219761273	52.3742407675437
rand.50	3	Pavels_SARS2_2021	122	1	100	16.7369752036523	88.5788967954791
rand.51	3	Pavels_SARS2_2021	1362	1	100	2.82715412787546	95.7102371571465
rand.52	3	Pavels_SARS2_2021	880	11	100	6.46799910086628	61.1048918011236
rand.53	3	Pavels_SARS2_2021	3244	2	99.4281510216366	1.17054565096543	62.252776582692
rand.54	3	Pavels_SARS2_2021	1151	1	99.8762665953249	2.84887403371412	72.5113355418576
rand.55	3	Pavels_SARS2_2021	180	2	100	14.2812640124608	90.7966609400467
rand.56	3	Pavels_SARS2_2021	288	1	100	15.2063493677579	77.8687197567952
rand.57	3	Pavels_SARS2_2021	34	1	99.9063639099756	53.92793963681	65.0276221447322
rand.58	3	Pavels_SARS2_2021	884	1	100	4.41303754819779	51.5740452221773
rand.59	3	Pavels_SARS2_2021	528	96	100	24.1358962580828	12.7143076715276
rand.6	3	Pavels_SARS2_2021	374	1	100	5.91722179148404	89.3700530824618
rand.60	3	Pavels_SARS2_2021	180	37	100	31.7796518620412	86.2878196060216
rand.61	3	Pavels_SARS2_2021	656	1	100	5.33777910262337	79.5264826173941
rand.62	3	Pavels_SARS2_2021	699	41	100	5.67731491039463	91.5291222291474
rand.63	3	Pavels_SARS2_2021	910	1	100	4.36237894423931	55.9213002253484
rand.64	3	Pavels_SARS2_2021	485	1	100	6.93915246921888	88.3199265912298
rand.65	3	Pavels_SARS2_2021	322	34	100	10.8994676032281	89.9096868171886
rand.66	3	Pavels_SARS2_2021	226	99	100	42.3381664719365	87.7294771574728
rand.67	3	Pavels_SARS2_2021	1557	0	0	0	80.1718709542218
rand.68	3	Pavels_SARS2_2021	1030	1	100	3.11062625003247	86.2405311966508
rand.69	3	Pavels_SARS2_2021	528	1	100	7.4278209358389	75.2181084306653
rand.7	3	Pavels_SARS2_2021	1336	72	100	7.54192495756121	51.9031930060967
rand.70	3	Pavels_SARS2_2021	747	20	100	4.80428616935128	80.8395923792169
rand.71	3	Pavels_SARS2_2021	284	2	100	10.431939425228	49.695665539502
rand.72	3	Pavels_SARS2_2021	1244	1	100	2.64428791216754	87.1731146624356
rand.73	3	Pavels_SARS2_2021	1857	41	100	4.19348065292601	31.054031631484
rand.74	3	Pavels_SARS2_2021	651	10	100	5.54273480286422	94.8941668237144
rand.75	3	Pavels_SARS2_2021	509	2	100	5.99201799693485	68.3404439005582
rand.76	3	Pavels_SARS2_2021	560	1	100	4.00773997126991	95.7515062511517
rand.77	3	Pavels_SARS2_2021	730	25	100	6.1462629199017	77.0495250428897
rand.78	3	Pavels_SARS2_2021	255	0	0	0	66.0586141848661
rand.79	3	Pavels_SARS2_2021	1292	5	100	2.1444176036867	91.838023248951
rand.8	3	Pavels_SARS2_2021	167	1	100	16.4832621573219	80.5861627584751
rand.80	3	Pavels_SARS2_2021	28	1	100	69.7307378482341	46.8345656192237
rand.81	3	Pavels_SARS2_2021	1629	16	100	4.21803542975855	12.1246805759508
rand.82	3	Pavels_SARS2_2021	2504	1	99.9565261010601	2.39446988807916	13.8095523402355
rand.83	3	Pavels_SARS2_2021	23	2	99.7893187974451	52.1240916713248	85.3145067133684
rand.84	3	Pavels_SARS2_2021	325	1	100	7.53203516324355	77.0875143446078
rand.85	3	Pavels_SARS2_2021	740	1	99.9899675617831	4.68496361710529	79.0771840765923
rand.86	3	Pavels_SARS2_2021	2093	1	100	1.7811404801677	72.6123145875574
rand.87	3	Pavels_SARS2_2021	1183	1	100	2.63505423299056	78.238012134803
rand.88	3	Pavels_SARS2_2021	535	149	100	30.0838028339089	30.0715519368369
rand.89	3	Pavels_SARS2_2021	556	1	100	7.08034777997922	71.7422428287563
rand.9	3	Pavels_SARS2_2021	389	1	100	7.45955900652033	97.2163207349279
rand.90	3	Pavels_SARS2_2021	998	1	100	3.33218966734915	80.1824184561844
rand.91	3	Pavels_SARS2_2021	1395	1	100	3.57147543447583	70.6872727677583
rand.92	3	Pavels_SARS2_2021	405	2	100	12.1977660180999	42.3496218252988
rand.93	3	Pavels_SARS2_2021	1817	1	100	2.11953298857977	46.939220152773
rand.94	3	Pavels_SARS2_2021	1957	1	100	1.66615128747294	84.5788210150089
rand.95	3	Pavels_SARS2_2021	1721	4	99.5652610106009	1.88219779608439	85.6983804624599
rand.96	3	Pavels_SARS2_2021	968	65	100	4.87418268278185	86.409550562852
rand.97	3	Pavels_SARS2_2021	885	4	100	2.9020638953297	88.6914022703079
rand.98	3	Pavels_SARS2_2021	1802	69	100	2.48359816467568	87.2804047448927
rand.99	3	Pavels_SARS2_2021	630	1	99.9632143932047	4.22957305253149	76.6163942758028
rand.1	3	Pavels_SARS2_2021_mock	175	1	100	23.67547313001	67.2663621580752
rand.10	3	Pavels_SARS2_2021_mock	11	1	99.8762665953249	86.3278991790959	49.5348837209302
rand.100	3	Pavels_SARS2_2021_mock	439	1	99.9832792696385	9.00987234658084	75.1886148812008
rand.11	3	Pavels_SARS2_2021_mock	33	1	100	61.358424113359	83.5832759260241
rand.12	3	Pavels_SARS2_2021_mock	384	2	100	16.3063780112491	67.0060673687147
rand.13	3	Pavels_SARS2_2021_mock	159	1	100	20.448862471818	67.7144255790586
rand.14	3	Pavels_SARS2_2021_mock	22	1	99.7358124602883	70.6964395771109	82.8102248827051
rand.15	3	Pavels_SARS2_2021_mock	164	11	100	27.6889034584494	52.0411632703946
rand.16	3	Pavels_SARS2_2021_mock	272	29	100	18.6267217630854	60.8533495833122
rand.17	3	Pavels_SARS2_2021_mock	394	1	99.966558539277	14.2880358670663	47.4900180678548
rand.18	3	Pavels_SARS2_2021_mock	47	1	100	57.4738257612141	44.0258390929214
rand.19	3	Pavels_SARS2_2021_mock	107	13	91.8235628532254	37.8386572223907	48.7031125299282
rand.2	3	Pavels_SARS2_2021_mock	77	1	99.9297729324817	35.9937364490484	36.4296736798525
rand.20	3	Pavels_SARS2_2021_mock	52	20	73.5912784670434	37.7967091477448	85.1198365363375
rand.21	3	Pavels_SARS2_2021_mock	39	1	99.8829548874695	68.9648802789259	96.3172383007217
rand.22	3	Pavels_SARS2_2021_mock	576	1	100	8.82694027142111	64.7820176716186
rand.23	3	Pavels_SARS2_2021_mock	75	1	100	13.1550614137242	21.1598016395102
rand.24	3	Pavels_SARS2_2021_mock	376	125	100	42.2753605191692	27.4465239391304
rand.25	3	Pavels_SARS2_2021_mock	770	1	99.9933117078554	8.21790178424195	18.6874721141724
rand.26	3	Pavels_SARS2_2021_mock	67	1	100	47.9490128426299	35.4201190695391
rand.27	3	Pavels_SARS2_2021_mock	525	1	100	10.0173595432333	33.5396361635851
rand.28	3	Pavels_SARS2_2021_mock	15	1	100	81.2699962041104	26.1001737116387
rand.29	3	Pavels_SARS2_2021_mock	444	1	99.7224358759991	11.0340234223234	73.2622122403144
rand.3	3	Pavels_SARS2_2021_mock	190	139	100	69.964787853058	83.2515728499764
rand.30	3	Pavels_SARS2_2021_mock	329	2	100	15.4170679829842	69.3175415601592
rand.31	3	Pavels_SARS2_2021_mock	239	1	100	17.8033188895767	71.2557115650593
rand.32	3	Pavels_SARS2_2021_mock	151	1	100	30.3330806166288	33.3962099886822
rand.33	3	Pavels_SARS2_2021_mock	414	5	100	10.4912039755443	49.115700212736
rand.34	3	Pavels_SARS2_2021_mock	177	11	97.9099087048122	23.1108655326203	86.1385732031579
rand.35	3	Pavels_SARS2_2021_mock	442	3	100	11.3275026583904	35.3774974584535
rand.36	3	Pavels_SARS2_2021_mock	29	3	100	68.7906401169985	42.9024583663759
rand.37	3	Pavels_SARS2_2021_mock	94	30	100	50.0811135465815	85.0558174150335
rand.38	3	Pavels_SARS2_2021_mock	576	39	100	14.8964448980529	21.967029788875
rand.39	3	Pavels_SARS2_2021_mock	364	4	100	12.1423900130409	74.1691956007558
rand.4	3	Pavels_SARS2_2021_mock	20	1	100	75.7015967811322	79.2230785253072
rand.40	3	Pavels_SARS2_2021_mock	278	4	100	13.3376125403287	64.9381151934509
rand.41	3	Pavels_SARS2_2021_mock	126	2	100	27.7345860461709	82.6372345278524
rand.42	3	Pavels_SARS2_2021_mock	550	1	100	10.6102903357395	22.311639147153
rand.43	3	Pavels_SARS2_2021_mock	153	1	100	18.8093965219032	61.0811145798635
rand.44	3	Pavels_SARS2_2021_mock	2	1	99.9431495167709	98.8914992885742	100
rand.45	3	Pavels_SARS2_2021_mock	108	30	100	49.4400251837323	58.0258147944156
rand.46	3	Pavels_SARS2_2021_mock	86	28	100	36.3482566899578	99.5293401071443
rand.47	3	Pavels_SARS2_2021_mock	35	1	99.9264287864094	63.7924040904336	81.6568396226415
rand.48	3	Pavels_SARS2_2021_mock	22	1	100	75.9683634151288	68.5970464135021
rand.49	3	Pavels_SARS2_2021_mock	755	4	100	7.67596563346641	18.364428907793
rand.5	3	Pavels_SARS2_2021_mock	122	1	100	24.4249895971868	28.0825245338832
rand.50	3	Pavels_SARS2_2021_mock	17	1	100	71.4934397629233	90.1911468812877
rand.51	3	Pavels_SARS2_2021_mock	176	1	100	27.1196267608824	92.6897786175092
rand.52	3	Pavels_SARS2_2021_mock	69	11	100	59.6470713298607	47.203196347032
rand.53	3	Pavels_SARS2_2021_mock	855	2	99.4281510216366	6.08618755578118	35.4574265885471
rand.54	3	Pavels_SARS2_2021_mock	147	1	99.8762665953249	28.2359392283475	55.6167415389885
rand.55	3	Pavels_SARS2_2021_mock	29	2	100	66.2383151995446	85.6374011152898
rand.56	3	Pavels_SARS2_2021_mock	46	1	100	58.9552533017938	45.8601479204687
rand.57	3	Pavels_SARS2_2021_mock	6	1	99.9063639099756	93.8167315663861	62.3158963941087
rand.58	3	Pavels_SARS2_2021_mock	130	1	100	25.2088878407062	48.9746044259249
rand.59	3	Pavels_SARS2_2021_mock	152	96	100	75.321710939826	14.6648793565684
rand.6	3	Pavels_SARS2_2021_mock	88	1	100	32.5815164121888	61.7494548097892
rand.60	3	Pavels_SARS2_2021_mock	58	37	100	80.339001565743	78.1831651078804
rand.61	3	Pavels_SARS2_2021_mock	26	1	100	70.0377075672764	60.6738059876495
rand.62	3	Pavels_SARS2_2021_mock	106	41	100	47.0747262611818	59.3306248027769
rand.63	3	Pavels_SARS2_2021_mock	203	1	100	22.3205565041044	42.2916706659244
rand.64	3	Pavels_SARS2_2021_mock	65	1	100	45.8664376207859	68.6660622202074
rand.65	3	Pavels_SARS2_2021_mock	67	34	100	70.3569034852547	79.1701995364875
rand.66	3	Pavels_SARS2_2021_mock	108	99	100	88.9784910166785	82.8950572193815
rand.67	3	Pavels_SARS2_2021_mock	282	1	100	13.4921404579076	59.2351592356688
rand.68	3	Pavels_SARS2_2021_mock	156	1	100	25.4414588963103	63.6467249455772
rand.69	3	Pavels_SARS2_2021_mock	17	1	100	83.3718824021179	70.2027819674879
rand.7	3	Pavels_SARS2_2021_mock	172	72	100	56.9407459913025	50.5527995906836
rand.70	3	Pavels_SARS2_2021_mock	119	20	100	36.6455566506309	63.4686176357335
rand.71	3	Pavels_SARS2_2021_mock	136	2	100	22.7441563801448	40.4914768588218
rand.72	3	Pavels_SARS2_2021_mock	284	1	100	17.242412543289	83.8225873833728
rand.73	3	Pavels_SARS2_2021_mock	623	41	100	14.4431235858105	27.5761115625726
rand.74	3	Pavels_SARS2_2021_mock	83	12	100	39.0421935370566	91.4666426577834
rand.75	3	Pavels_SARS2_2021_mock	114	2	100	23.8210096010776	5.61597927546363
rand.76	3	Pavels_SARS2_2021_mock	83	1	100	23.6983272980832	97.8597019575263
rand.77	3	Pavels_SARS2_2021_mock	258	26	100	19.4988913525499	73.7313085685255
rand.78	3	Pavels_SARS2_2021_mock	41	0	0	0	63.2224444678387
rand.79	3	Pavels_SARS2_2021_mock	237	7	100	16.491781130376	86.574148975055
rand.8	3	Pavels_SARS2_2021_mock	20	1	100	68.1017211547218	44.4008279209193
rand.80	3	Pavels_SARS2_2021_mock	11	1	100	85.5822603719599	37.8845008930343
rand.81	3	Pavels_SARS2_2021_mock	334	16	100	20.6446974925236	11.3303812788532
rand.82	3	Pavels_SARS2_2021_mock	558	1	99.9565261010601	11.0686485805912	16.4350078283754
rand.83	3	Pavels_SARS2_2021_mock	5	2	99.7893187974451	96.594587595494	100
rand.84	3	Pavels_SARS2_2021_mock	109	1	100	31.3891101144318	26.5403060756942
rand.85	3	Pavels_SARS2_2021_mock	112	1	99.9899675617831	34.0764040846098	68.544706451836
rand.86	3	Pavels_SARS2_2021_mock	476	1	100	10.3771784649867	68.9024815144594
rand.87	3	Pavels_SARS2_2021_mock	303	1	100	13.9311680211504	80.9531020160941
rand.88	3	Pavels_SARS2_2021_mock	184	149	100	86.6476538744361	30.2522884572449
rand.89	3	Pavels_SARS2_2021_mock	56	1	100	52.768907785403	68.343792021515
rand.9	3	Pavels_SARS2_2021_mock	51	1	100	40.9738360171693	95.6391848077814
rand.90	3	Pavels_SARS2_2021_mock	33	1	100	49.5995622543899	84.7118041847611
rand.91	3	Pavels_SARS2_2021_mock	95	1	100	40.2652070417042	65.2633000878042
rand.92	3	Pavels_SARS2_2021_mock	35	2	100	68.491297682388	9.30881511161992
rand.93	3	Pavels_SARS2_2021_mock	454	1	100	11.6571134655325	35.6669327840435
rand.94	3	Pavels_SARS2_2021_mock	262	1	100	14.5793517687897	65.5980320533309
rand.95	3	Pavels_SARS2_2021_mock	196	4	99.5652610106009	21.5516804563255	65.6227508442985
rand.96	3	Pavels_SARS2_2021_mock	179	65	100	38.3306662174682	63.1714923062915
rand.97	3	Pavels_SARS2_2021_mock	134	4	100	24.3376726082945	78.9951530429258
rand.98	3	Pavels_SARS2_2021_mock	566	69	100	12.1323280387442	59.1770955036556
rand.99	3	Pavels_SARS2_2021_mock	167	1	99.9632143932047	17.7823782413935	34.3824842446475
